<?xml version='1.0' encoding="ISO-8859-1" ?>
<wfs:FeatureCollection
   xmlns:ms="http://mapserver.gis.umn.edu/mapserver"
   xmlns:gml="http://www.opengis.net/gml"
   xmlns:wfs="http://www.opengis.net/wfs"
   xmlns:ogc="http://www.opengis.net/ogc"
   xmlns:xsi="http://www.w3.org/2001/XMLSchema-instance"
   xsi:schemaLocation="http://mapserver.gis.umn.edu/mapserver http://essex.astuntechnology.com/getows.ashx?mapsource=Essex/Inspire_Southend&amp;service=WFS&amp;SERVICE=WFS&amp;VERSION=1.1.0&amp;REQUEST=DescribeFeatureType&amp;TYPENAME=sos_conservation_areas&amp;OUTPUTFORMAT=text/xml;%20subtype=gml/3.1.1  http://www.opengis.net/wfs http://schemas.opengis.net/wfs/1.1.0/wfs.xsd">
      <gml:boundedBy>
      	<gml:Envelope srsName="EPSG:27700">
      		<gml:lowerCorner>582923.204600 184170.552700</gml:lowerCorner>
      		<gml:upperCorner>594118.704100 186932.440900</gml:upperCorner>
      	</gml:Envelope>
      </gml:boundedBy>
    <gml:featureMember>
      <ms:sos_conservation_areas gml:id="sos_conservation_areas.1">
        <gml:boundedBy>
        	<gml:Envelope srsName="EPSG:27700">
        		<gml:lowerCorner>587579.260000 185086.150000</gml:lowerCorner>
        		<gml:upperCorner>588565.800000 185479.412600</gml:upperCorner>
        	</gml:Envelope>
        </gml:boundedBy>
        <ms:msGeometry>
          <gml:Polygon srsName="EPSG:27700">
            <gml:exterior>
              <gml:LinearRing>
                <gml:posList srsDimension="2">587600.500000 185193.450000 587606.470000 185205.910000 587615.800000 185216.500000 587618.179600 185268.208300 587607.850000 185268.550000 587579.280000 185270.000000 587580.550000 185297.950000 587579.450000 185313.450000 587580.200000 185342.100000 587581.150000 185359.900000 587579.260000 185360.100000 587580.500000 185371.750000 587599.058600 185374.369700 587625.000000 185377.950000 587702.858400 185397.416200 587774.760300 185415.924200 587799.090000 185422.070000 587822.680000 185428.120000 587823.100000 185437.850000 587849.832300 185443.712900 587862.795500 185445.318500 587913.359600 185449.758400 587955.430200 185453.323700 587966.403200 185454.253700 587982.600000 185455.650000 588004.850000 185459.000000 588025.750000 185462.800000 588036.350000 185465.450000 588061.055700 185472.429300 588088.914800 185479.412600 588089.260000 185476.940000 588093.431000 185465.380700 588109.400000 185390.800000 588107.150000 185344.710000 588083.065100 185345.693500 588085.450000 185342.050000 588094.040000 185325.000000 588103.550000 185306.500000 588094.250000 185301.650000 588095.000000 185296.540000 588093.000000 185295.500000 588093.300000 185291.600000 588090.750000 185290.500000 588089.818800 185275.471500 588130.457900 185279.776700 588130.600000 185276.800000 588132.262400 185258.761000 588132.320000 185247.350000 588131.400000 185240.590000 588142.300000 185240.150000 588161.350000 185241.630000 588174.780000 185242.660000 588178.200000 185220.550000 588180.100000 185200.300000 588201.400000 185202.050000 588201.440000 185217.080000 588218.900000 185218.400000 588224.900000 185221.800000 588226.800000 185222.850000 588331.350000 185229.000000 588331.600000 185228.250000 588334.350000 185214.850000 588335.650000 185214.950000 588342.250000 185180.350000 588367.600000 185177.500000 588420.250000 185186.500000 588422.050000 185183.100000 588432.250000 185185.800000 588431.950000 185187.400000 588436.100000 185187.800000 588436.800000 185184.250000 588453.519800 185187.210400 588455.160000 185183.650000 588462.200000 185185.000000 588462.950000 185182.300000 588470.100000 185183.950000 588470.300000 185182.750000 588493.450000 185184.300000 588509.870000 185189.140000 588497.250000 185263.250000 588546.730000 185266.510000 588551.600000 185190.950000 588557.440000 185190.810000 588559.200000 185171.250000 588553.100000 185170.700000 588554.550000 185136.600000 588565.800000 185135.000000 588563.700000 185096.050000 588562.825000 185089.953600 588542.746600 185095.134900 588533.500000 185086.150000 588528.821300 185088.951600 588522.100000 185092.750000 588513.400000 185095.750000 588482.341300 185099.147000 588471.450000 185099.920000 588442.010000 185100.870000 588350.000000 185103.350000 588298.972200 185104.781700 588261.558400 185105.815700 588215.429100 185107.239200 588167.198300 185107.425900 588117.034900 185105.467700 588121.300000 185160.750000 588103.392200 185160.606600 588102.150000 185170.300000 588083.160000 185169.710000 588068.269500 185169.538300 588055.500000 185169.200000 588035.800000 185168.000000 588019.736000 185165.989500 588007.500000 185164.200000 587992.550000 185161.800000 587983.452300 185159.791000 587969.800000 185154.650000 587964.500000 185152.100000 587956.900000 185150.750000 587946.050000 185147.700000 587939.484200 185145.490700 587929.361400 185143.039700 587922.066600 185142.998500 587914.700000 185143.850000 587904.151700 185145.543000 587892.210000 185146.370000 587882.390000 185150.030000 587852.330000 185157.440000 587844.450000 185158.030000 587836.450000 185158.570000 587831.760000 185159.710000 587812.660000 185157.240000 587795.350000 185155.200000 587774.400000 185160.700000 587749.690600 185167.107000 587736.000000 185169.600000 587728.550000 185168.800000 587723.850000 185166.450000 587719.750000 185163.500000 587715.750000 185158.850000 587710.700000 185155.400000 587703.650000 185153.000000 587694.300000 185156.950000 587691.300000 185160.350000 587684.800000 185165.550000 587677.961600 185169.478100 587670.650000 185173.600000 587660.200000 185177.350000 587652.600000 185179.550000 587641.400000 185179.700000 587631.800000 185180.450000 587622.500000 185183.000000 587620.650000 185184.050000 587617.400000 185185.700000 587611.950000 185190.250000 587604.250000 185191.900000 587600.500000 185193.450000 </gml:posList>
              </gml:LinearRing>
            </gml:exterior>
          </gml:Polygon>
        </ms:msGeometry>
        <ms:ogc_fid>1</ms:ogc_fid>
        <ms:id>2</ms:id>
        <ms:name>Clifftown Conservation Area</ms:name>
        <ms:map_ref>C1</ms:map_ref>
        <ms:data_owner>Helen Fox, Strategic Planning &amp; Transport</ms:data_owner>
        <ms:shape_area>186748.500133</ms:shape_area>
        <ms:shape_len>2946.63921817</ms:shape_len>
      </ms:sos_conservation_areas>
    </gml:featureMember>
    <gml:featureMember>
      <ms:sos_conservation_areas gml:id="sos_conservation_areas.2">
        <gml:boundedBy>
        	<gml:Envelope srsName="EPSG:27700">
        		<gml:lowerCorner>588315.050000 185727.100000</gml:lowerCorner>
        		<gml:upperCorner>588458.200000 185827.400000</gml:upperCorner>
        	</gml:Envelope>
        </gml:boundedBy>
        <ms:msGeometry>
          <gml:Polygon srsName="EPSG:27700">
            <gml:exterior>
              <gml:LinearRing>
                <gml:posList srsDimension="2">588317.450000 185808.340000 588349.330000 185812.560000 588349.050000 185815.010000 588352.840000 185815.450000 588353.100000 185815.900000 588448.950000 185827.400000 588452.750000 185800.750000 588454.350000 185788.500000 588458.200000 185762.100000 588329.050000 185727.100000 588319.750000 185772.000000 588315.664500 185786.945700 588315.050000 185798.050000 588318.680000 185798.550000 588317.450000 185808.340000 </gml:posList>
              </gml:LinearRing>
            </gml:exterior>
          </gml:Polygon>
        </ms:msGeometry>
        <ms:ogc_fid>2</ms:ogc_fid>
        <ms:id>14</ms:id>
        <ms:name>Warrior Square Conservation Area</ms:name>
        <ms:map_ref>C5</ms:map_ref>
        <ms:data_owner>Helen Fox, Strategic Planning &amp; Transport</ms:data_owner>
        <ms:shape_area>10118.1862925</ms:shape_area>
        <ms:shape_len>421.25760019</ms:shape_len>
      </ms:sos_conservation_areas>
    </gml:featureMember>
    <gml:featureMember>
      <ms:sos_conservation_areas gml:id="sos_conservation_areas.3">
        <gml:boundedBy>
        	<gml:Envelope srsName="EPSG:27700">
        		<gml:lowerCorner>587454.000000 186590.200000</gml:lowerCorner>
        		<gml:upperCorner>588028.420000 186932.440900</gml:upperCorner>
        	</gml:Envelope>
        </gml:boundedBy>
        <ms:msGeometry>
          <gml:MultiSurface srsName="EPSG:27700">
            <gml:surfaceMembers>
              <gml:Polygon>
                <gml:exterior>
                  <gml:LinearRing>
                    <gml:posList srsDimension="2">587610.592100 186817.797900 587619.800000 186824.100000 587660.005300 186842.754200 587681.900300 186852.970300 587727.451900 186873.791000 587742.920000 186840.680000 587841.010000 186886.880000 587859.670000 186848.470000 587881.500000 186858.000000 587918.510000 186874.960000 587953.900000 186890.800000 587966.900000 186897.950000 588019.112400 186932.440900 588024.400000 186922.110000 588028.420000 186897.310000 588021.900000 186893.250000 588010.700000 186889.080000 588014.881700 186877.179600 588003.340000 186872.440000 587992.040000 186865.860000 587967.510000 186851.080000 587954.080000 186842.880000 587941.180000 186835.390000 587931.220000 186853.820000 587930.200000 186854.950000 587924.400000 186867.450000 587920.920200 186864.368400 587893.350000 186851.300000 587891.050000 186850.650000 587884.000000 186849.550000 587895.999500 186826.685200 587902.776400 186813.339200 587883.520000 186803.910000 587879.056500 186813.003100 587881.550000 186814.200000 587878.650000 186820.200000 587875.800000 186824.400000 587872.050000 186827.300000 587865.250000 186841.450000 587840.400000 186829.900000 587841.000000 186828.700000 587813.600000 186814.850000 587830.200000 186779.700000 587823.570000 186776.550000 587824.330000 186774.940000 587815.740000 186770.860000 587804.270000 186765.000000 587794.190000 186759.190000 587784.400000 186753.550000 587780.800000 186751.750000 587772.950000 186747.300000 587771.250000 186745.350000 587765.020000 186743.460000 587762.589800 186727.342900 587762.100000 186721.450000 587763.750000 186718.100000 587766.000000 186714.200000 587756.700000 186712.350000 587744.662900 186706.073100 587733.730800 186699.631900 587682.143800 186666.919900 587701.400000 186634.250000 587695.800000 186631.650000 587688.350000 186627.300000 587682.450000 186625.350000 587679.180000 186630.840000 587665.680000 186622.850000 587655.600000 186639.800000 587652.400000 186651.350000 587638.000000 186677.750000 587634.600000 186677.050000 587630.540000 186683.860000 587629.650000 186683.350000 587623.650000 186693.800000 587623.790000 186695.610000 587619.450000 186693.400000 587618.050000 186690.900000 587613.512600 186688.631300 587607.000000 186685.060000 587589.860000 186674.900000 587585.020000 186672.030000 587577.200000 186667.400000 587571.734300 186664.267800 587557.883500 186689.949400 587536.818900 186677.830000 587540.319300 186669.352900 587550.850000 186650.430000 587558.220000 186636.330000 587551.140000 186635.020000 587543.500000 186633.700000 587548.010000 186616.300000 587514.775100 186607.967600 587510.150000 186607.500000 587483.450000 186594.900000 587473.000000 186590.200000 587469.400000 186590.400000 587466.400000 186591.600000 587455.000000 186614.300000 587454.000000 186619.750000 587455.100000 186625.350000 587456.850000 186628.300000 587462.135300 186632.010900 587479.502600 186642.358900 587500.000000 186654.030000 587521.463500 186666.179800 587520.400000 186675.950000 587511.950000 186690.200000 587509.900000 186693.650000 587513.050000 186696.600000 587523.200000 186702.550000 587526.500000 186704.500000 587529.100000 186706.850000 587540.850000 186714.000000 587542.991300 186714.948000 587554.750000 186694.700000 587562.050000 186697.400000 587599.547000 186720.210600 587597.900000 186723.200000 587589.650000 186737.950000 587577.390000 186757.500000 587565.150000 186751.550000 587556.600000 186766.150000 587577.220000 186778.660000 587566.530000 186799.250000 587561.140000 186809.520000 587546.950000 186832.850000 587563.470000 186841.650000 587558.250000 186851.910000 587589.336200 186866.690300 587610.592100 186817.797900 </gml:posList>
                  </gml:LinearRing>
                </gml:exterior>
              </gml:Polygon>
              <gml:Polygon>
                <gml:exterior>
                  <gml:LinearRing>
                    <gml:posList srsDimension="2">587878.150000 186814.850000 587879.056500 186813.003100 587879.050000 186813.000000 587878.150000 186814.850000 </gml:posList>
                  </gml:LinearRing>
                </gml:exterior>
              </gml:Polygon>
            </gml:surfaceMembers>
          </gml:MultiSurface>
        </ms:msGeometry>
        <ms:ogc_fid>3</ms:ogc_fid>
        <ms:id>10</ms:id>
        <ms:name>Prittlewell Conservation Area</ms:name>
        <ms:map_ref>C4</ms:map_ref>
        <ms:data_owner>Helen Fox, Strategic Planning &amp; Transport</ms:data_owner>
        <ms:shape_area>53605.1229256</ms:shape_area>
        <ms:shape_len>2134.74341602</ms:shape_len>
      </ms:sos_conservation_areas>
    </gml:featureMember>
    <gml:featureMember>
      <ms:sos_conservation_areas gml:id="sos_conservation_areas.4">
        <gml:boundedBy>
        	<gml:Envelope srsName="EPSG:27700">
        		<gml:lowerCorner>587180.341300 185217.435700</gml:lowerCorner>
        		<gml:upperCorner>587474.009500 185383.910700</gml:upperCorner>
        	</gml:Envelope>
        </gml:boundedBy>
        <ms:msGeometry>
          <gml:Polygon srsName="EPSG:27700">
            <gml:exterior>
              <gml:LinearRing>
                <gml:posList srsDimension="2">587262.861400 185375.344600 587280.680200 185370.498700 587325.289200 185368.604000 587352.930900 185367.566200 587392.511800 185366.528500 587422.749000 185366.269100 587424.600600 185366.180100 587421.123300 185303.956300 587474.009500 185301.021000 587472.452200 185278.450200 587466.566400 185217.435700 587449.385300 185218.472100 587438.424900 185219.508400 587419.318300 185222.321400 587405.099400 185225.282400 587393.546500 185228.687500 587383.030500 185231.648500 587375.328600 185234.017300 587367.626700 185237.718600 587335.782300 185253.263800 587327.043600 185256.965100 587319.637900 185259.185800 587312.972800 185260.370200 587304.234100 185261.258500 587295.347300 185261.850700 587287.645400 185261.554600 587280.239700 185260.074100 587257.430300 185252.375500 587249.432100 185249.414500 587242.322700 185248.822300 587237.879300 185248.822300 587231.954800 185250.006700 587226.622700 185253.263800 587221.586800 185257.705300 587215.662300 185266.588300 587209.441500 185275.471300 587202.035800 185282.281600 587193.149000 185288.499700 587188.113200 185291.756800 587180.341300 185305.743300 587192.141700 185330.467000 587195.386100 185329.818400 587210.699300 185362.377500 587221.340700 185360.172300 587226.012600 185383.910700 587255.211600 185379.889400 587254.303200 185377.813900 587262.861400 185375.344600 </gml:posList>
              </gml:LinearRing>
            </gml:exterior>
          </gml:Polygon>
        </ms:msGeometry>
        <ms:ogc_fid>4</ms:ogc_fid>
        <ms:id>12</ms:id>
        <ms:name>Shorefield Conservation Area</ms:name>
        <ms:map_ref>C2</ms:map_ref>
        <ms:data_owner>Helen Fox, Strategic Planning &amp; Transport</ms:data_owner>
        <ms:shape_area>31350.6288083</ms:shape_area>
        <ms:shape_len>825.686303282</ms:shape_len>
      </ms:sos_conservation_areas>
    </gml:featureMember>
    <gml:featureMember>
      <ms:sos_conservation_areas gml:id="sos_conservation_areas.5">
        <gml:boundedBy>
        	<gml:Envelope srsName="EPSG:27700">
        		<gml:lowerCorner>587257.679800 185372.312600</gml:lowerCorner>
        		<gml:upperCorner>587707.907900 185808.220900</gml:upperCorner>
        	</gml:Envelope>
        </gml:boundedBy>
        <ms:msGeometry>
          <gml:Polygon srsName="EPSG:27700">
            <gml:exterior>
              <gml:LinearRing>
                <gml:posList srsDimension="2">587454.609000 185693.846200 587462.772500 185756.255000 587494.907600 185755.246000 587512.741700 185752.050700 587513.414700 185756.591400 587518.462100 185758.273100 587535.455000 185763.318300 587534.109100 185771.727100 587568.599600 185781.817500 587614.362700 185795.439700 587616.718200 185787.199100 587638.422000 185794.094300 587636.739600 185803.175700 587641.282200 185804.184800 587661.303600 185808.220900 587667.697000 185782.994800 587668.706400 185782.994800 587677.791800 185745.996400 587682.166200 185746.669100 587686.204100 185728.169900 587685.026400 185727.665300 587686.540600 185720.770200 587688.054800 185721.274700 587691.419700 185705.802700 587687.550100 185705.130000 587694.448200 185678.053900 587689.400800 185676.708500 587690.242000 185670.822400 587697.981400 185640.214600 587695.289400 185639.710100 587700.673300 185617.847400 587703.365200 185602.711700 587707.403200 185590.434900 587707.907900 185584.885200 587707.571400 185577.990000 587704.711200 185519.633400 587702.187500 185486.503100 587672.576100 185478.935200 587690.410300 185404.770200 587647.339100 185393.502600 587628.832000 185390.139100 587616.381700 185387.952800 587599.388800 185385.262000 587578.358000 185382.403000 587545.213400 185378.198700 587516.611400 185375.507900 587498.272500 185374.162500 587478.755900 185372.648900 587454.864900 185372.312600 587414.149200 185372.312600 587388.070900 185372.817100 587365.189400 185373.489800 587338.774700 185374.330700 587300.919200 185375.676100 587284.767500 185376.685100 587257.679800 185379.712200 587271.980700 185408.806400 587294.862300 185456.231600 587305.630100 185477.758000 587321.445300 185506.179500 587326.997400 185517.951700 587336.924000 185541.832500 587342.980800 185556.968200 587345.504500 185564.872400 587353.916900 185593.630200 587359.637200 185612.465800 587374.443000 185609.775000 587386.052000 185606.579700 587390.762900 185608.766000 587390.426400 185612.465800 587401.362400 185613.643000 587401.530700 185610.615900 587422.393300 185609.606800 587442.919400 185612.297600 587442.078100 185626.760600 587446.116000 185627.097000 587453.687200 185686.798900 587454.609000 185693.846200 </gml:posList>
              </gml:LinearRing>
            </gml:exterior>
          </gml:Polygon>
        </ms:msGeometry>
        <ms:ogc_fid>5</ms:ogc_fid>
        <ms:id>9</ms:id>
        <ms:name>Milton Conservation Area</ms:name>
        <ms:map_ref>C3</ms:map_ref>
        <ms:data_owner>Helen Fox, Strategic Planning &amp; Transport</ms:data_owner>
        <ms:shape_area>127642.909339</ms:shape_area>
        <ms:shape_len>1620.169085</ms:shape_len>
      </ms:sos_conservation_areas>
    </gml:featureMember>
    <gml:featureMember>
      <ms:sos_conservation_areas gml:id="sos_conservation_areas.6">
        <gml:boundedBy>
        	<gml:Envelope srsName="EPSG:27700">
        		<gml:lowerCorner>589034.062700 185014.309300</gml:lowerCorner>
        		<gml:upperCorner>589181.897100 185153.739100</gml:upperCorner>
        	</gml:Envelope>
        </gml:boundedBy>
        <ms:msGeometry>
          <gml:Polygon srsName="EPSG:27700">
            <gml:exterior>
              <gml:LinearRing>
                <gml:posList srsDimension="2">589048.549300 185045.922300 589047.586000 185048.033700 589044.973500 185057.252200 589043.590500 185065.548800 589041.900000 185097.352600 589041.285300 185110.565800 589040.670600 185125.161800 589034.062700 185144.674300 589058.189500 185145.749700 589060.187300 185146.978900 589103.216000 185149.283500 589107.826200 185148.208000 589136.870600 185146.978900 589164.993000 185153.739100 589175.596500 185122.242600 589180.821400 185103.498300 589181.897100 185095.969900 589144.708000 185093.818900 589146.398400 185064.627000 589136.102200 185064.319700 589136.409600 185052.796600 589132.414100 185042.348900 589114.741500 185050.338300 589106.673700 185025.064300 589100.910900 185014.309300 589061.416600 185031.286700 589058.189500 185033.591400 589051.581500 185039.276100 589048.863800 185045.232800 589048.549300 185045.922300 </gml:posList>
              </gml:LinearRing>
            </gml:exterior>
          </gml:Polygon>
        </ms:msGeometry>
        <ms:ogc_fid>6</ms:ogc_fid>
        <ms:id>5</ms:id>
        <ms:name>Kursaal Conservation Area</ms:name>
        <ms:map_ref>C6</ms:map_ref>
        <ms:data_owner>Helen Fox, Strategic Planning &amp; Transport</ms:data_owner>
        <ms:shape_area>13255.0480693</ms:shape_area>
        <ms:shape_len>513.820093009</ms:shape_len>
      </ms:sos_conservation_areas>
    </gml:featureMember>
    <gml:featureMember>
      <ms:sos_conservation_areas gml:id="sos_conservation_areas.7">
        <gml:boundedBy>
        	<gml:Envelope srsName="EPSG:27700">
        		<gml:lowerCorner>586244.775600 185243.688100</gml:lowerCorner>
        		<gml:upperCorner>586991.050000 185508.450000</gml:upperCorner>
        	</gml:Envelope>
        </gml:boundedBy>
        <ms:msGeometry>
          <gml:Polygon srsName="EPSG:27700">
            <gml:exterior>
              <gml:LinearRing>
                <gml:posList srsDimension="2">586615.000000 185293.700000 586616.969700 185297.415200 586643.513100 185345.286100 586645.835200 185350.150400 586667.508100 185339.869000 586680.224400 185334.894100 586681.330100 185337.436900 586686.527200 185334.783600 586691.613700 185345.175500 586697.695400 185342.522300 586698.690600 185344.843900 586738.276800 185325.718300 586745.574800 185322.291100 586756.300700 185344.180600 586807.055200 185322.622800 586819.439700 185317.205700 586813.910900 185306.150400 586830.386700 185297.748400 586837.905900 185293.436900 586844.540500 185305.818800 586867.429700 185295.205700 586880.367100 185325.054900 586884.347900 185335.225800 586887.775700 185340.421800 586891.756500 185343.738400 586894.520900 185348.492100 586906.960000 185377.490000 586911.190000 185375.340000 586919.250000 185392.650000 586929.200000 185405.450000 586929.030000 185405.600000 586930.500000 185407.950000 586931.550000 185408.100000 586937.370000 185403.440000 586957.200000 185386.700000 586967.050000 185377.950000 586979.040000 185367.000000 586984.660000 185362.320000 586986.850000 185360.500000 586991.050000 185358.400000 586984.940000 185351.950000 586973.900000 185340.390000 586970.500000 185336.600000 586969.491500 185337.105200 586966.837600 185333.678100 586952.241600 185303.054900 586955.890600 185301.286100 586952.683900 185293.326300 586953.568500 185292.773500 586938.640700 185262.371500 586934.991700 185252.753400 586944.169500 185250.321300 586943.727200 185243.688100 586932.890800 185244.793600 586898.612200 185249.436900 586878.597900 185249.547400 586860.242300 185252.421800 586847.415400 185254.301200 586834.588600 185255.848900 586829.170400 185255.296200 586826.074200 185253.416800 586824.747300 185250.100200 586789.473600 185255.406700 586788.257200 185251.979600 586704.219400 185263.366500 586642.628500 185270.441900 586592.537500 185276.301200 586519.336100 185284.150400 586463.274000 185289.788600 586402.125400 185294.652900 586397.149500 185303.718300 586364.197800 185305.376600 586357.231500 185297.306200 586331.799000 185299.075000 586259.703400 185303.718300 586244.775600 185304.823800 586247.761200 185318.311200 586255.943800 185347.386600 586264.015900 185372.592600 586287.900300 185362.864000 586303.159800 185356.562500 586305.592500 185364.190600 586304.044400 185364.632800 586307.804000 185372.592600 586317.050000 185392.800000 586348.860000 185377.700000 586353.901000 185375.014500 586361.240000 185380.516900 586363.490000 185379.480000 586393.210000 185364.500000 586396.490000 185371.080000 586399.030000 185369.710000 586402.550000 185376.150000 586435.810000 185360.200000 586441.827200 185357.340900 586461.268100 185398.873900 586455.810000 185401.570000 586422.420000 185417.340000 586453.100000 185479.450000 586453.540000 185479.230000 586460.340000 185492.740000 586459.700000 185493.050000 586466.530000 185506.860000 586477.040000 185501.730000 586479.500000 185508.450000 586484.100000 185506.300000 586495.650000 185500.600000 586497.300000 185500.000000 586500.000000 185498.800000 586502.350000 185497.650000 586499.100000 185490.950000 586504.568400 185487.904700 586471.651400 185419.640400 586477.220000 185417.030000 586511.780000 185400.180000 586547.620000 185473.740000 586550.130000 185483.680000 586586.050000 185464.850000 586591.169100 185462.498900 586598.680400 185476.195900 586604.310000 185473.670000 586629.300000 185461.400000 586639.610000 185456.850000 586590.320000 185353.140000 586554.030000 185370.850000 586548.310600 185373.247200 586541.672500 185359.215700 586535.294800 185346.009700 586540.600000 185343.300000 586557.550000 185334.750000 586563.900000 185331.800000 586563.300000 185330.300000 586576.393400 185323.949400 586562.800000 185297.250000 586615.000000 185293.700000 </gml:posList>
              </gml:LinearRing>
            </gml:exterior>
          </gml:Polygon>
        </ms:msGeometry>
        <ms:ogc_fid>7</ms:ogc_fid>
        <ms:id>13</ms:id>
        <ms:name>The Leas Conservation Area</ms:name>
        <ms:map_ref>C8</ms:map_ref>
        <ms:data_owner>Helen Fox, Strategic Planning &amp; Transport</ms:data_owner>
        <ms:shape_area>69127.7618282</ms:shape_area>
        <ms:shape_len>2619.03334328</ms:shape_len>
      </ms:sos_conservation_areas>
    </gml:featureMember>
    <gml:featureMember>
      <ms:sos_conservation_areas gml:id="sos_conservation_areas.8">
        <gml:boundedBy>
        	<gml:Envelope srsName="EPSG:27700">
        		<gml:lowerCorner>585953.134200 185325.096300</gml:lowerCorner>
        		<gml:upperCorner>586110.966200 185428.724000</gml:upperCorner>
        	</gml:Envelope>
        </gml:boundedBy>
        <ms:msGeometry>
          <gml:Polygon srsName="EPSG:27700">
            <gml:exterior>
              <gml:LinearRing>
                <gml:posList srsDimension="2">585974.053600 185416.930600 585987.610700 185413.344200 585987.032100 185410.683800 586001.725300 185406.635300 586000.221100 185396.456800 586022.770800 185393.959400 586019.706600 185372.914200 586059.940800 185369.451100 586062.072400 185393.959400 586088.717500 185381.572000 586089.916500 185382.504400 586096.977500 185380.240100 586099.375500 185428.724000 586105.237500 185428.724000 586110.966200 185426.726000 586102.972600 185325.096300 586075.394900 185326.827900 586032.496300 185330.291000 586012.512400 185332.688600 585999.874000 185336.540100 585976.157400 185344.405900 585983.729100 185392.398400 585953.134200 185402.239800 585957.877300 185421.210000 585973.517300 185417.072500 585974.053600 185416.930600 </gml:posList>
              </gml:LinearRing>
            </gml:exterior>
          </gml:Polygon>
        </ms:msGeometry>
        <ms:ogc_fid>8</ms:ogc_fid>
        <ms:id>3</ms:id>
        <ms:name>Crowstone Conservation Area</ms:name>
        <ms:map_ref>C9</ms:map_ref>
        <ms:data_owner>Helen Fox, Strategic Planning &amp; Transport</ms:data_owner>
        <ms:shape_area>8039.51329628</ms:shape_area>
        <ms:shape_len>597.956462157</ms:shape_len>
      </ms:sos_conservation_areas>
    </gml:featureMember>
    <gml:featureMember>
      <ms:sos_conservation_areas gml:id="sos_conservation_areas.9">
        <gml:boundedBy>
        	<gml:Envelope srsName="EPSG:27700">
        		<gml:lowerCorner>593450.373200 184170.552700</gml:lowerCorner>
        		<gml:upperCorner>594118.704100 184960.961000</gml:upperCorner>
        	</gml:Envelope>
        </gml:boundedBy>
        <ms:msGeometry>
          <gml:Polygon srsName="EPSG:27700">
            <gml:exterior>
              <gml:LinearRing>
                <gml:posList srsDimension="2">593630.759000 184887.327100 593638.426800 184902.187300 593631.284800 184923.612800 593665.987700 184958.134100 593713.600300 184955.753500 593755.041000 184930.533700 593797.363400 184905.140500 593817.731000 184892.179300 593824.608400 184888.476100 593828.721400 184867.671300 593834.805300 184844.129600 593840.889100 184823.762100 593913.895300 184824.291200 593912.968000 184837.003800 593919.580800 184852.874600 593923.019500 184861.339100 593913.497000 184864.777700 593920.638900 184885.409800 593923.307100 184892.799700 593922.679200 184893.009000 593930.528000 184912.473800 593934.327600 184922.486900 593945.637600 184945.326300 593952.760100 184960.961000 593986.287900 184945.847500 594000.284400 184940.937200 593994.204200 184928.950600 594016.266600 184916.964100 594019.567300 184915.574300 594003.239200 184870.809200 593997.159000 184873.067500 593996.097700 184873.076700 593985.899300 184847.784800 593979.508300 184831.875400 593975.807900 184822.510600 593976.487800 184822.238600 593975.128000 184819.111100 593977.983600 184814.759800 593974.448200 184805.785300 593970.640700 184795.722900 594053.011000 184770.845200 594097.507100 184759.558300 594106.286800 184747.271000 594118.704100 184732.840300 594118.682900 184732.157000 594112.931800 184727.290700 594110.277500 184725.668600 594108.655400 184723.456700 594107.475700 184721.539700 594104.526400 184720.212500 594103.051800 184718.737900 594101.724600 184717.115800 594099.955100 184715.936100 594097.153300 184714.314100 594094.793900 184711.069900 594090.664900 184706.351100 594083.586700 184699.420400 594077.809200 184692.991300 594067.044400 184681.784200 594055.394800 184669.692300 594051.059500 184665.144500 594046.045700 184658.361200 594041.916800 184652.462700 594037.345400 184645.237100 594033.953800 184639.191100 594032.626600 184636.389400 594030.119700 184634.914700 594028.202700 184634.324900 594027.760300 184630.343400 594026.433200 184630.048500 594025.253500 184628.573900 594020.051400 184622.423500 594017.102200 184620.211600 594011.941000 184614.460600 594006.189900 184607.087400 594001.028700 184598.092300 593997.194700 184593.226000 593994.835300 184589.392000 593974.866800 184565.515500 593959.235700 184546.640400 593947.952900 184535.485300 593926.865700 184513.218500 593898.797700 184484.039800 593885.673500 184469.441100 593863.779900 184445.145600 593854.194800 184434.528400 593851.011700 184431.100900 593808.938500 184383.342800 593758.500900 184330.612900 593730.997700 184300.776000 593719.808900 184288.061600 593715.231600 184275.601400 593672.419500 184225.320500 593673.436700 184222.269000 593672.419500 184220.234700 593674.962400 184214.131700 593671.402300 184202.943000 593666.731900 184199.033100 593659.357500 184200.050300 593631.639800 184170.552700 593568.779200 184224.992700 593575.394900 184246.258900 593581.243600 184262.787700 593585.058000 184267.619200 593608.457900 184327.227200 593617.376200 184351.023100 593595.878100 184358.042000 593592.198000 184365.034200 593603.238400 184394.474900 593507.464400 184430.353700 593504.406400 184490.525300 593504.774400 184499.357500 593455.828900 184504.877700 593462.453100 184525.118200 593468.709200 184531.374300 593470.917300 184535.790400 593481.215600 184575.771500 593490.783900 184612.204400 593499.328800 184644.985500 593501.015700 184649.034100 593518.897000 184657.131200 593521.807100 184680.878800 593527.981900 184716.384000 593529.032700 184724.570900 593529.547200 184732.289400 593527.489000 184737.949600 593523.390400 184740.990900 593517.571100 184746.016700 593510.958200 184750.248900 593507.519500 184755.803700 593506.197000 184760.564900 593506.197000 184767.177800 593507.255000 184771.145400 593512.005200 184783.410900 593518.089000 184799.017200 593520.469600 184805.894500 593519.940600 184808.804200 593518.353500 184810.920300 593468.624700 184830.494300 593450.373200 184837.636100 593452.753800 184842.132800 593496.398800 184825.204000 593528.669600 184814.623500 593574.269300 184801.975000 593579.030600 184817.581300 593594.372500 184817.581300 593616.062700 184858.845300 593627.897900 184881.782200 593630.759000 184887.327100 </gml:posList>
              </gml:LinearRing>
            </gml:exterior>
          </gml:Polygon>
        </ms:msGeometry>
        <ms:ogc_fid>9</ms:ogc_fid>
        <ms:id>11</ms:id>
        <ms:name>Shoebury Garrison Conservation Area</ms:name>
        <ms:map_ref>C14</ms:map_ref>
        <ms:data_owner>Helen Fox, Strategic Planning &amp; Transport</ms:data_owner>
        <ms:shape_area>264442.323762</ms:shape_area>
        <ms:shape_len>2874.02702706</ms:shape_len>
      </ms:sos_conservation_areas>
    </gml:featureMember>
    <gml:featureMember>
      <ms:sos_conservation_areas gml:id="sos_conservation_areas.10">
        <gml:boundedBy>
        	<gml:Envelope srsName="EPSG:27700">
        		<gml:lowerCorner>582923.204600 186033.627200</gml:lowerCorner>
        		<gml:upperCorner>583066.879800 186242.851400</gml:upperCorner>
        	</gml:Envelope>
        </gml:boundedBy>
        <ms:msGeometry>
          <gml:Polygon srsName="EPSG:27700">
            <gml:exterior>
              <gml:LinearRing>
                <gml:posList srsDimension="2">582957.016600 186237.196100 582957.161400 186237.238100 582957.190500 186237.244300 582966.816900 186239.299600 582966.910600 186238.456200 582972.066500 186239.580700 582985.137100 186237.885100 582993.292700 186241.539600 582999.479700 186242.289200 583002.010800 186242.851400 583014.572200 186241.164800 583028.950900 186242.479300 583029.325900 186239.012200 583032.231900 186239.387100 583032.981800 186235.451500 583033.172200 186232.217000 583033.922100 186226.875800 583034.765800 186221.440900 583035.984500 186214.881600 583036.640700 186212.726400 583037.296900 186206.354400 583037.953100 186201.481800 583038.330500 186196.353500 583039.361700 186189.419300 583039.736600 186186.139600 583041.236500 186176.769100 583042.080200 186170.116100 583042.548900 186167.773500 583043.205100 186161.401500 583043.861300 186158.684100 583044.906200 186154.496100 583046.218600 186149.810800 583047.718500 186146.718600 583048.937200 186144.094800 583050.249600 186141.377400 583051.374500 186140.065500 583052.968100 186137.441800 583055.686600 186134.724300 583059.905000 186131.257200 583066.092000 186126.197200 583066.560700 186125.260100 583066.715800 186124.383500 583066.879800 186121.759800 583066.879800 186112.084700 583066.551700 186083.387600 583065.523200 186061.668400 583065.031100 186033.627200 583019.261400 186038.382700 583015.274600 186044.011500 582997.885400 186065.657300 582995.916800 186065.657300 582996.408900 186074.512500 582990.011000 186074.676400 582981.442100 186074.550800 582980.621800 186074.878700 582973.567700 186075.042700 582964.381000 186076.026600 582955.850400 186077.010500 582937.805000 186078.814400 582938.133100 186082.258000 582923.204600 186083.077900 582923.860800 186101.936000 582923.922900 186104.990100 582924.204200 186119.233300 582924.579200 186137.318300 582925.050400 186144.434000 582926.362800 186159.052000 582927.112800 186174.325900 582927.865000 186186.736700 582926.365100 186197.512800 582926.282300 186201.486600 582926.282300 186211.700500 582926.194900 186229.625800 582930.413300 186230.469100 582940.631300 186232.811700 582945.130900 186233.748800 582957.016600 186237.196100 </gml:posList>
              </gml:LinearRing>
            </gml:exterior>
          </gml:Polygon>
        </ms:msGeometry>
        <ms:ogc_fid>10</ms:ogc_fid>
        <ms:id>1</ms:id>
        <ms:name>Chapmanslord Conservation Area</ms:name>
        <ms:map_ref>C13</ms:map_ref>
        <ms:data_owner>Helen Fox, Strategic Planning &amp; Transport</ms:data_owner>
        <ms:shape_area>22427.4173308</ms:shape_area>
        <ms:shape_len>642.944588388</ms:shape_len>
      </ms:sos_conservation_areas>
    </gml:featureMember>
    <gml:featureMember>
      <ms:sos_conservation_areas gml:id="sos_conservation_areas.11">
        <gml:boundedBy>
        	<gml:Envelope srsName="EPSG:27700">
        		<gml:lowerCorner>583243.208900 185511.703500</gml:lowerCorner>
        		<gml:upperCorner>584174.833900 185791.578200</gml:upperCorner>
        	</gml:Envelope>
        </gml:boundedBy>
        <ms:msGeometry>
          <gml:Polygon srsName="EPSG:27700">
            <gml:exterior>
              <gml:LinearRing>
                <gml:posList srsDimension="2">583330.364400 185780.803700 583350.109100 185783.162600 583369.392400 185784.692700 583389.058400 185786.299300 583403.061800 185787.293900 583423.493000 185788.747500 583446.066700 185790.507100 583465.962300 185791.578200 583471.165700 185791.501700 583484.250800 185790.813100 583505.982900 185789.665600 583524.960200 185788.441500 583541.871400 185786.911400 583563.220800 185784.922200 583601.331500 185781.369200 583624.030800 185779.243200 583656.620800 185776.433000 583675.992500 185774.306400 583697.795100 185770.356900 583708.734400 185768.458100 583711.089400 185771.192400 583727.118500 185767.774600 583734.335400 185765.268200 583758.493000 185758.280700 583773.154700 185754.179300 583795.868900 185746.736100 583816.456100 185739.216900 583834.536300 185730.938200 583852.996300 185724.026600 583881.180200 185712.937700 583910.047800 185701.089300 583940.814600 185687.949800 583952.285700 185682.785100 583956.160000 185680.430600 583975.455700 185671.468300 583989.053800 185664.708700 583999.898600 185659.525500 584005.937200 185656.415300 584029.908400 185647.450900 584047.475100 185641.413600 584073.093300 185633.912700 584096.881500 185629.156100 584119.388900 185625.497100 584162.390800 185619.276900 584174.833900 185616.898600 584159.829000 185511.703500 584081.327700 185531.827800 584023.320900 185544.451200 584008.316000 185548.476000 584000.081600 185551.037300 583946.056600 185574.456700 583819.031300 185638.721000 583722.614600 185690.132400 583695.373000 185700.843100 583677.314000 185704.515400 583650.072400 185705.739500 583619.770000 185702.373200 583584.570200 185695.028700 583488.765600 185680.645800 583272.822600 185667.333900 583250.478400 185686.001100 583243.208900 185770.003700 583270.297400 185772.987400 583303.584100 185777.501200 583325.775300 185780.255400 583330.364400 185780.803700 </gml:posList>
              </gml:LinearRing>
            </gml:exterior>
          </gml:Polygon>
        </ms:msGeometry>
        <ms:ogc_fid>11</ms:ogc_fid>
        <ms:id>8</ms:id>
        <ms:name>Leigh Old Town Conservation Area</ms:name>
        <ms:map_ref>C12</ms:map_ref>
        <ms:data_owner>Helen Fox, Strategic Planning &amp; Transport</ms:data_owner>
        <ms:shape_area>91569.7712625</ms:shape_area>
        <ms:shape_len>2112.12837017</ms:shape_len>
      </ms:sos_conservation_areas>
    </gml:featureMember>
    <gml:featureMember>
      <ms:sos_conservation_areas gml:id="sos_conservation_areas.12">
        <gml:boundedBy>
        	<gml:Envelope srsName="EPSG:27700">
        		<gml:lowerCorner>583676.200000 185634.850000</gml:lowerCorner>
        		<gml:upperCorner>584275.220000 185965.388000</gml:upperCorner>
        	</gml:Envelope>
        </gml:boundedBy>
        <ms:msGeometry>
          <gml:Polygon srsName="EPSG:27700">
            <gml:exterior>
              <gml:LinearRing>
                <gml:posList srsDimension="2">583698.310800 185824.621000 583698.550000 185828.750000 583699.950000 185833.200000 583700.250000 185833.700000 583701.350000 185844.750000 583701.500000 185844.730000 583701.580000 185858.880000 583705.292100 185858.658400 583713.975100 185859.457300 583728.304600 185862.120200 583735.069900 185862.919100 583749.399500 185863.345200 583753.234900 185863.504900 583760.639400 185888.110400 583762.610400 185905.206400 583764.261700 185921.663200 583763.888800 185934.338800 583763.926900 185939.541700 583764.186800 185940.471000 583766.375800 185944.139900 583783.361600 185965.388000 583811.892300 185941.273600 583820.501400 185941.273600 583858.281500 185940.135400 583860.487100 185920.858100 583869.665300 185918.510700 583884.464300 185914.242600 583905.809000 185904.497300 583927.865200 185893.827200 583946.079400 185886.429300 583972.831400 185876.043700 583993.749200 185925.695200 583999.868000 185921.996300 584006.763600 185918.150800 584024.576200 185909.867700 584030.500000 185922.150000 584037.050000 185936.300000 584041.400000 185934.350000 584042.840000 185933.700000 584047.250000 185943.200000 584053.090000 185940.680000 584064.460000 185935.720000 584070.500000 185933.050000 584081.325800 185928.250500 584083.940000 185927.090000 584086.220000 185926.090000 584088.300000 185925.160000 584090.301900 185924.275900 584092.227100 185923.424700 584093.930000 185922.670000 584096.121600 185921.699000 584099.500000 185920.200000 584101.050000 185922.800000 584116.050000 185916.510000 584142.050000 185904.950000 584156.800000 185903.100000 584169.900000 185899.300000 584173.500000 185900.000000 584205.025900 185894.328200 584219.805100 185895.232900 584219.805100 185886.889900 584244.274700 185888.441000 584247.124700 185853.048600 584254.100800 185853.606600 584262.878300 185854.308600 584264.019000 185829.750000 584266.229300 185809.061000 584270.915300 185766.392200 584271.799500 185757.550700 584273.777700 185739.056000 584275.220000 185722.445100 584275.170300 185713.513100 584275.120500 185710.926900 584273.578800 185694.266300 584273.019500 185690.805900 584261.754400 185692.675200 584240.880000 185696.560000 584239.750000 185696.870000 584238.720000 185696.980000 584233.862600 185697.071000 584229.650000 185697.150000 584223.064300 185697.098900 584217.920400 185697.059100 584214.432400 185696.989500 584202.928500 185696.689400 584206.000000 185668.650000 584202.700000 185655.400000 584202.970700 185645.908900 584203.000000 185644.900000 584201.350000 185636.050000 584199.636700 185636.212100 584195.900000 185636.700000 584189.860000 185637.290000 584186.150000 185637.650000 584184.531500 185637.745700 584183.050000 185637.750000 584180.950000 185637.550000 584159.950000 185637.150000 584157.250000 185636.800000 584157.300000 185634.850000 584136.000000 185637.300000 584129.850000 185637.700000 584121.781300 185638.800000 584114.450000 185639.750000 584113.028700 185639.998100 584112.256100 185640.084100 584107.763100 185640.171200 584104.640300 185640.294500 584101.750000 185640.500000 584099.100000 185640.950000 584094.200000 185642.000000 584093.305100 185641.959200 584091.450000 185642.000000 584089.850000 185642.250000 584086.268300 185643.060100 584083.310000 185643.770000 584078.820000 185644.853800 584058.750000 185650.000000 584054.950000 185651.000000 584051.800000 185652.000000 584047.700000 185653.050000 584032.902700 185657.883500 584026.033900 185660.203500 584006.360000 185667.300000 584004.460000 185668.040000 584005.150000 185669.760000 583980.233100 185680.928000 583949.051900 185695.200500 583934.467800 185701.880600 583914.329800 185710.627000 583881.336100 185725.014200 583856.000000 185736.000000 583815.272100 185750.508000 583785.451900 185761.009800 583760.878600 185768.693500 583734.495700 185776.493500 583717.500200 185780.147900 583700.679500 185783.702300 583683.895800 185787.278200 583676.200000 185801.050000 583679.050000 185815.450000 583696.950000 185814.880000 583698.250000 185823.600000 583698.310800 185824.621000 </gml:posList>
              </gml:LinearRing>
            </gml:exterior>
          </gml:Polygon>
        </ms:msGeometry>
        <ms:ogc_fid>12</ms:ogc_fid>
        <ms:id>7</ms:id>
        <ms:name>Leigh Conservation Area</ms:name>
        <ms:map_ref>C11</ms:map_ref>
        <ms:data_owner>Helen Fox, Strategic Planning &amp; Transport</ms:data_owner>
        <ms:shape_area>119817.260238</ms:shape_area>
        <ms:shape_len>1726.33406741</ms:shape_len>
      </ms:sos_conservation_areas>
    </gml:featureMember>
    <gml:featureMember>
      <ms:sos_conservation_areas gml:id="sos_conservation_areas.13">
        <gml:boundedBy>
        	<gml:Envelope srsName="EPSG:27700">
        		<gml:lowerCorner>584243.914700 185657.277700</gml:lowerCorner>
        		<gml:upperCorner>584641.270000 185969.687200</gml:upperCorner>
        	</gml:Envelope>
        </gml:boundedBy>
        <ms:msGeometry>
          <gml:Polygon srsName="EPSG:27700">
            <gml:exterior>
              <gml:LinearRing>
                <gml:posList srsDimension="2">584380.174000 185683.207200 584322.476100 185690.046900 584301.864300 185691.905000 584286.996700 185692.580600 584273.578800 185694.266300 584274.853300 185708.039500 584275.120500 185710.926900 584275.220000 185722.445100 584273.717200 185739.621800 584271.583100 185759.714600 584267.856900 185794.240700 584264.250600 185827.582100 584263.636300 185837.988500 584262.878300 185854.308600 584247.124700 185853.048600 584243.914700 185892.912200 584291.148100 185897.308900 584291.650000 185889.680000 584292.710000 185889.770000 584293.247900 185887.507000 584311.250000 185889.200000 584315.718100 185889.365000 584315.410100 185893.215000 584323.650000 185894.100000 584340.632100 185895.636700 584345.887100 185896.110100 584351.550000 185896.550000 584351.000000 185905.400000 584361.841300 185905.918600 584362.517100 185896.797200 584370.452800 185897.401700 584370.500000 185897.700000 584379.200000 185898.350000 584415.710000 185900.800000 584415.900000 185897.400000 584421.600000 185897.700000 584421.120000 185906.700000 584433.450000 185907.110000 584447.850000 185907.500000 584454.157200 185907.635700 584455.059400 185898.192300 584462.100000 185897.550000 584479.640000 185896.410000 584484.119500 185896.114900 584487.065100 185895.900600 584495.018800 185895.304800 584500.000000 185894.930000 584508.726800 185894.259500 584513.600000 185893.750000 584519.133200 185893.587900 584518.942900 185898.480000 584524.100000 185899.050000 584549.550000 185900.800000 584549.400000 185911.200000 584562.350000 185911.600000 584563.400000 185911.200000 584567.650000 185911.350000 584575.971800 185911.441100 584574.565500 185969.687200 584623.058800 185969.685700 584615.349800 185917.151300 584612.815600 185906.340900 584609.521100 185899.246500 584608.550000 185889.000000 584609.900000 185887.950000 584610.350000 185886.550000 584608.487800 185864.760400 584606.250000 185863.400000 584601.850000 185861.800000 584596.300000 185860.150000 584590.350000 185858.200000 584590.400000 185857.350000 584578.000000 185853.200000 584577.550000 185844.200000 584550.810000 185844.770000 584551.400000 185861.250000 584548.332200 185868.983800 584534.507500 185865.041500 584527.242700 185863.521200 584520.991600 185862.507800 584513.557800 185862.338900 584497.169700 185863.859100 584455.270300 185866.730600 584456.959800 185829.569600 584457.128700 185824.164400 584462.140000 185824.980000 584493.350000 185824.450000 584517.050000 185824.750000 584504.700000 185789.590000 584536.550000 185788.500000 584548.020000 185789.950000 584570.600000 185789.650000 584570.662700 185779.571200 584588.470000 185778.690000 584598.650000 185778.150000 584604.682300 185777.862600 584604.790500 185779.740100 584609.950000 185779.650000 584627.500000 185778.330000 584641.270000 185777.280000 584636.800000 185752.200000 584637.800000 185751.000000 584637.600000 185742.400000 584637.400000 185738.750000 584638.450000 185727.900000 584637.735600 185715.721800 584615.660000 185716.350000 584615.150000 185710.810000 584614.090000 185710.870000 584609.210000 185663.380000 584608.676300 185657.277700 584592.795100 185657.446600 584575.731200 185659.135700 584518.626300 185666.061200 584464.055700 185672.986600 584397.996500 185681.094500 584383.743300 185682.784100 584380.174000 185683.207200 </gml:posList>
              </gml:LinearRing>
            </gml:exterior>
          </gml:Polygon>
        </ms:msGeometry>
        <ms:ogc_fid>13</ms:ogc_fid>
        <ms:id>6</ms:id>
        <ms:name>Leigh Cliff Conservation Area</ms:name>
        <ms:map_ref>C10</ms:map_ref>
        <ms:data_owner>Helen Fox, Strategic Planning &amp; Transport</ms:data_owner>
        <ms:shape_area>72471.0887218</ms:shape_area>
        <ms:shape_len>1790.40772961</ms:shape_len>
      </ms:sos_conservation_areas>
    </gml:featureMember>
    <gml:featureMember>
      <ms:sos_conservation_areas gml:id="sos_conservation_areas.14">
        <gml:boundedBy>
        	<gml:Envelope srsName="EPSG:27700">
        		<gml:lowerCorner>589274.561200 184885.713200</gml:lowerCorner>
        		<gml:upperCorner>589384.292600 184960.550000</gml:upperCorner>
        	</gml:Envelope>
        </gml:boundedBy>
        <ms:msGeometry>
          <gml:Polygon srsName="EPSG:27700">
            <gml:exterior>
              <gml:LinearRing>
                <gml:posList srsDimension="2">589275.800000 184935.950000 589284.700000 184953.350000 589286.250000 184956.700000 589288.830000 184960.550000 589308.789900 184950.175900 589351.213500 184929.529200 589384.292600 184913.273300 589371.210500 184885.713200 589331.496800 184905.425700 589290.317100 184925.826200 589286.702800 184927.709200 589274.561200 184933.580200 589275.800000 184935.950000 </gml:posList>
              </gml:LinearRing>
            </gml:exterior>
          </gml:Polygon>
        </ms:msGeometry>
        <ms:ogc_fid>14</ms:ogc_fid>
        <ms:id>4</ms:id>
        <ms:name>Eastern Esplanade Conservation Area</ms:name>
        <ms:map_ref>C7</ms:map_ref>
        <ms:data_owner>Helen Fox, Strategic Planning &amp; Transport</ms:data_owner>
        <ms:shape_area>3250.9436975</ms:shape_area>
        <ms:shape_len>275.439487246</ms:shape_len>
      </ms:sos_conservation_areas>
    </gml:featureMember>
</wfs:FeatureCollection>

