<?xml version='1.0' encoding="ISO-8859-1" ?>
<wfs:FeatureCollection
   xmlns:ms="http://mapserver.gis.umn.edu/mapserver"
   xmlns:gml="http://www.opengis.net/gml"
   xmlns:wfs="http://www.opengis.net/wfs"
   xmlns:ogc="http://www.opengis.net/ogc"
   xmlns:xsi="http://www.w3.org/2001/XMLSchema-instance"
   xsi:schemaLocation="http://mapserver.gis.umn.edu/mapserver http://mydistrict.chichester.gov.uk/getows.ashx?mapsource=Chichester/Inspire&amp;service=WFS&amp;SERVICE=WFS&amp;VERSION=1.1.0&amp;REQUEST=DescribeFeatureType&amp;TYPENAME=aonb&amp;OUTPUTFORMAT=text/xml;%20subtype=gml/3.1.1  http://www.opengis.net/wfs http://schemas.opengis.net/wfs/1.1.0/wfs.xsd">
      <gml:boundedBy>
      	<gml:Envelope srsName="EPSG:27700">
      		<gml:lowerCorner>474271.800096 97483.713291</gml:lowerCorner>
      		<gml:upperCorner>484477.625001 105818.761747</gml:upperCorner>
      	</gml:Envelope>
      </gml:boundedBy>
    <gml:featureMember>
      <ms:aonb gml:id="aonb">
        <gml:boundedBy>
        	<gml:Envelope srsName="EPSG:27700">
        		<gml:lowerCorner>474271.800096 97483.713291</gml:lowerCorner>
        		<gml:upperCorner>484477.625001 105818.761747</gml:upperCorner>
        	</gml:Envelope>
        </gml:boundedBy>
        <ms:msGeometry>
          <gml:MultiSurface srsName="EPSG:27700">
            <gml:surfaceMembers>
              <gml:Polygon>
                <gml:exterior>
                  <gml:LinearRing>
                    <gml:posList srsDimension="2">474273.667552 102726.448400 474273.699872 102716.400016 474272.000032 102656.099984 474271.800096 102586.299984 474274.899936 102519.099920 474280.872096 102458.320847 474290.700000 102358.300047 474294.500000 102334.000015 474306.799968 102263.200079 474343.399968 102074.399951 474361.499936 102006.800015 474378.099936 101926.500047 474397.499872 101863.100047 474421.799904 101780.499983 474444.270752 101716.583759 474474.499872 101630.600079 474503.999904 101526.300047 474533.299936 101434.099983 474550.500000 101369.500110 474565.988768 101280.488846 474566.300064 101278.699982 474566.527776 101277.626062 474581.800032 101205.600014 474588.886880 101158.867662 474609.400032 101023.599950 474619.600032 100940.199950 474626.300000 100867.400014 474634.799904 100800.399950 474645.300064 100751.800078 474667.000096 100647.499982 474671.899936 100608.499918 474674.700064 100590.400014 474682.400096 100553.100046 474700.299872 100486.499982 474731.599968 100364.699918 474739.899936 100336.499918 474744.599904 100317.099981 474748.100000 100299.000013 474761.799904 100216.200013 474771.018592 100170.893005 474774.699936 100152.800013 474785.499936 100091.700045 474787.949088 100079.515853 474789.499872 100071.800077 474795.199904 100053.200077 474805.600096 100021.200013 474815.699936 100000.000013 474977.799968 99577.900045 475000.000096 99537.099981 475009.759136 99515.504269 475020.199968 99492.400077 475035.799904 99455.499981 475065.400096 99382.000077 475083.299872 99331.400077 475089.699936 99319.300045 475097.199968 99307.899981 475117.799968 99281.500045 475138.499872 99251.200076 475149.253664 99234.024588 475154.773472 99225.208588 475208.999904 99138.600012 475234.499936 99094.999948 475240.900000 99081.599948 475249.100000 99060.000076 475261.203808 99019.013068 475272.399968 98981.100108 475279.982816 98958.449868 475280.099936 98958.100044 475281.700064 98943.400012 475281.584288 98940.853516 475281.000096 98928.000012 475278.700000 98914.500044 475277.867488 98908.607884 475256.048160 98754.159884 475248.099936 98697.899980 475249.399904 98681.999948 475255.300064 98603.599948 475258.399904 98581.400076 475260.600032 98557.399948 475261.100064 98514.900044 475263.300000 98475.000076 475265.100000 98463.600012 475267.997152 98449.605964 475270.399968 98438.000012 475281.991008 98405.571532 475288.200032 98388.199948 475297.999968 98362.299980 475315.917345 98332.077068 475351.000033 98272.900044 475361.239585 98248.697228 475364.199905 98241.699980 475367.843681 98234.321420 475376.199969 98217.399948 475396.100001 98167.499915 475397.997217 98157.777227 475398.500065 98155.199947 475398.974945 98148.016779 475399.300001 98143.099915 475396.749857 98045.752971 475396.411489 98032.837451 475396.468705 98032.836043 475440.123425 98030.597387 475500.700001 98028.099979 475675.399905 98019.099979 475710.400033 98022.499915 475711.500065 97971.699979 475712.999969 97961.700107 475717.200097 97947.499915 475753.499937 97872.899979 475756.299873 97849.899915 475761.000033 97840.600011 475770.199969 97833.899915 475791.499937 97817.899915 475793.600097 97806.799947 475792.799713 97798.506571 475794.627873 97794.302475 475802.000033 97790.500043 475806.799969 97779.299915 475803.535329 97773.819787 475807.304609 97765.152075 475810.200097 97762.900043 475817.599969 97754.600075 475817.599969 97741.477195 475818.843681 97738.617163 475819.928225 97728.826635 475822.199969 97722.899915 475829.100001 97715.099979 475825.000097 97704.500043 475822.654689 97704.209931 475824.281313 97689.523467 475829.749921 97656.789131 475832.997217 97643.806603 475836.100001 97635.599947 475844.091745 97618.925899 475887.031265 97583.140619 475915.121313 97576.662603 475927.800033 97578.900043 475943.300001 97592.599947 475956.100001 97592.900043 475965.620385 97598.560779 475977.031201 97607.687499 475979.781281 97618.601611 475965.188385 97637.362059 475961.300001 97641.200011 475961.357665 97642.286859 475960.687393 97643.148491 475960.687393 97670.597835 475958.500065 97676.200075 475960.687393 97683.223051 475960.687393 97686.789003 475960.687393 97709.649163 475958.700001 97722.000011 475959.811617 97729.827723 475957.937569 97757.710859 475948.124449 97792.070795 475947.799969 97792.699979 475947.781217 97793.272267 475947.031201 97795.898379 475930.656225 97828.632907 475889.749985 97910.460939 475845.240289 98002.687499 475842.099937 98006.100043 475830.499937 98017.999947 475899.293921 98014.257803 475951.124897 98014.257803 475953.148257 98004.672523 475958.999905 98001.199947 475963.600097 97985.099979 475969.400033 97971.500043 475978.500001 97947.399947 475985.500065 97935.500043 475997.700065 97910.699979 476010.700001 97883.099979 476014.699937 97872.800011 476018.300001 97861.999947 476021.599969 97848.699915 476028.500065 97816.599947 476036.700065 97762.200075 476041.400033 97742.900107 476033.000033 97728.800075 476033.100001 97717.799947 476036.100065 97707.200011 476040.999969 97698.399947 476032.900065 97687.200075 476035.700001 97675.200011 476029.981217 97661.697419 476100.938401 97678.871883 476118.099873 97691.399947 476138.599905 97720.899979 476148.599969 97743.999947 476144.700001 97753.300043 476125.699937 97764.300043 476127.400033 97824.199947 476135.100001 97831.600011 476147.850913 97832.298635 476143.187489 97843.195211 476165.249889 97845.000075 476206.156321 97847.726539 476241.818529 97825.040779 476262.799969 97826.900107 476276.900001 97820.899979 476290.100065 97812.900043 476328.200033 97779.899979 476338.400033 97775.899979 476355.000033 97768.899979 476371.900001 97759.299979 476391.589090 97738.965387 476394.375010 97738.617163 476394.375010 97765.890571 476390.921186 97782.303371 476377.400097 97801.799947 476372.799905 97840.299915 476364.399905 97847.099979 476362.200033 97861.100043 476372.699937 97870.600075 476377.099937 97888.899979 476391.068642 97860.532747 476394.375010 97861.359435 476404.244834 97847.261451 476407.100002 97846.499979 476436.676450 97844.085195 476423.999970 97828.799883 476430.499938 97818.999947 476490.699938 97762.099915 476501.599970 97755.400011 476529.400098 97735.599947 476583.300066 97699.199947 476640.799970 97657.999947 476656.000034 97645.299915 476665.299938 97636.099979 476694.303074 97610.064203 476697.156258 97607.687499 476697.874018 97605.226571 476702.100066 97598.399947 476714.699938 97582.500107 476738.799970 97542.400011 476752.300002 97540.599947 476767.600034 97543.099979 476781.500066 97528.899979 476802.800034 97508.599947 476813.600098 97513.300043 476831.600098 97495.099915 476848.210658 97483.713291 476847.156322 97493.124939 476834.815458 97535.129419 476823.928802 97555.494731 476808.968802 97580.414091 476800.781346 97632.242123 476802.965282 97641.500875 476800.800098 97657.499915 476802.200034 97667.800075 476813.900002 97695.400075 476817.567906 97710.521163 476821.302690 97707.374987 476822.624994 97711.343819 477007.536354 97559.587659 477013.761954 97555.535243 477230.531234 97825.117259 477242.625058 97901.257803 477254.687394 97907.757771 477263.968738 97913.328075 477263.968738 97912.398475 477472.906339 98152.898507 477477.531235 98161.257739 477483.124899 98164.039115 477517.874979 98204.726668 477629.156323 98333.718668 477631.062499 98340.671820 477638.937507 98340.437516 477654.812387 98383.843788 477685.562531 98436.843660 477711.187491 98427.226508 477719.624995 98429.695372 477752.031267 98487.765580 477761.187491 98496.328140 477789.750051 98513.789004 477812.187427 98515.390668 477834.624931 98516.992204 477850.656291 98510.578188 477875.093795 98498.156300 477919.124963 98485.320396 477959.468707 98487.156172 478007.749923 98511.609420 478095.781219 98558.679628 478147.124899 98592.914060 478177.687459 98613.695244 478207.875043 98640.820300 478289.156195 98733.734348 478330.749987 98810.148492 478364.343779 98887.789004 478395.124963 98931.414156 478416.937571 98972.757772 478467.250083 99032.281164 478481.937507 99045.117324 478518.625059 99088.515596 478565.687524 99142.312588 478599.312548 99185.718668 478609.093732 99201.609292 478630.500068 99241.343692 478656.156132 99215.671820 478680.000036 99198.554764 478708.718820 99186.328076 478743.562468 99179.601612 478787.000100 99181.437580 478860.343716 99178.382796 478917.187492 99175.328076 478985.656228 99177.773452 479007.656164 99174.710924 479050.468772 99163.101516 479085.312420 99154.539148 479087.125092 99158.210828 479175.156132 99141.703180 479195.937508 99147.203084 479207.562468 99146.593676 479231.406308 99151.484428 479263.187428 99153.320332 479329.218788 99180.828172 479403.406308 99231.562508 479403.812580 99237.679756 479412.374948 99244.406156 479455.750116 99267.023501 479504.656228 99280.468813 479541.343844 99278.640653 479556.624868 99274.968717 479563.968740 99278.023501 479573.124964 99277.414093 479578.625060 99274.359373 479586.937444 99273.898381 479615.218853 99271.609293 479671.749925 99267.023501 479734.718757 99262.132813 479856.999909 99250.515660 479949.906341 99243.179596 480035.500069 99236.453196 480081.749925 99232.789068 480156.343717 99224.843788 480177.125029 99223.007884 480299.125029 99214.281228 480411.250021 99204.054668 480446.093669 99202.226508 480557.968869 99216.890572 480625.218789 99226.062604 480716.468838 99238.828108 480781.093798 99244.406156 480863.031206 99253.570380 480903.968742 99257.242124 480957.156198 99263.968781 480969.374950 99267.632909 481120.156198 99285.203085 481236.531174 99298.812429 481263.437542 99305.531277 481361.843686 99334.875021 481442.562470 99354.437453 481449.281126 99358.109325 481582.531302 99398.453069 481657.125094 99420.492109 481696.843622 99433.328077 481787.343847 99460.226637 481884.531175 99488.343693 481924.281255 99514.023501 481934.062439 99528.078221 481944.437479 99543.359501 481957.874983 99570.257869 481967.062567 99565.367181 481967.062567 99555.585997 481970.125095 99552.531277 481980.499879 99554.367245 482009.250023 99572.093837 482033.500007 99587.968781 482188.999910 99699.804621 482327.749927 99793.390669 482445.718823 99874.078157 482537.000039 99937.882829 482611.781351 99988.937421 482701.781287 100051.671821 482789.062503 100111.679693 482900.906152 100190.781197 483141.187496 100353.187534 483378.999912 100519.461006 483518.374888 100614.828110 483608.843752 100678.398350 483692.593768 100735.281230 483753.125032 100777.460942 483824.656296 100820.867214 483862.406184 100843.476558 483910.843817 100867.328206 483955.468649 100893.000078 483975.656169 100911.343822 484005.187561 100943.617230 484058.781225 101009.757710 484078.562537 101049.109390 484110.343849 101124.906318 484162.687401 101236.156174 484181.249897 101278.960974 484193.468649 101319.906318 484194.687465 101338.257742 484263.781353 101458.687503 484302.906281 101547.937615 484317.562409 101576.656207 484330.812585 101595.226447 484350.999913 101614.789071 484365.656233 101623.351631 484390.125033 101636.187599 484411.531177 101654.523407 484428.031209 101675.312527 484437.187433 101697.929679 484440.249961 101729.109391 484441.468777 101760.281295 484430.468777 101816.523471 484416.406313 101869.710927 484411.531177 101888.656335 484406.624937 101913.343695 484405.406313 101943.898447 484402.968745 102050.882895 484399.906217 102160.296975 484395.624937 102205.538959 484394.406185 102238.156175 484387.062505 102304.601551 484377.281129 102381.023503 484365.656233 102461.710991 484347.343721 102587.023504 484344.875049 102627.382800 484346.718825 102638.570320 484348.562537 102651.406224 484353.437481 102665.882768 484358.937577 102676.890512 484360.156329 102686.062544 484355.281193 102691.562448 484308.218793 102701.148432 484251.968809 102716.023504 484219.156265 102721.078160 484220.624873 102727.749968 484223.906281 102743.789072 484226.812585 102773.679760 484227.906281 102781.343696 484232.281129 102821.796944 484231.562409 102834.929616 484231.937513 102848.273360 484234.125097 102888.726608 484230.093801 102923.726544 484230.093801 103000.648464 484231.937513 103035.960848 484237.406313 103067.671952 484234.468713 103078.976592 484233.749929 103088.453136 484242.124969 103098.296976 484241.031337 103124.179728 484231.937513 103150.062480 484225.374889 103160.632848 484210.781225 103163.187536 484212.843689 103180.023440 484218.437545 103191.976592 484239.218729 103200.726544 484263.499945 103205.687504 484297.781353 103208.601552 484335.343721 103210.789072 484350.281129 103216.632784 484354.281321 103226.828240 484360.968681 103252.203152 484363.156201 103279.539152 484369.343721 103310.156176 484379.937385 103354.632784 484387.937513 103380.156176 484394.875049 103398.742224 484402.906281 103416.609296 484423.312553 103497.749904 484434.968809 103554.617232 484438.624937 103563.007889 484442.625065 103569.570321 484450.999913 103587.429585 484460.125033 103608.273425 484477.625001 103649.828177 484473.625001 103665.499921 484451.749993 103683.726609 484388.187561 103736.023505 484372.156201 103747.242129 484333.687529 103788.921809 484325.656297 103796.929681 484316.031337 103811.359313 484312.843689 103833.796881 484316.031337 103909.132881 484325.312489 103951.343697 484352.843817 104020.406289 484362.000041 104049.757841 484374.968681 104132.398353 484377.093801 104151.109329 484377.531177 104164.820241 484383.499945 104193.093649 484391.000041 104344.062481 484382.437417 104386.289041 484378.499945 104460.171857 484375.437417 104491.570257 484378.562601 104555.703185 484322.468649 104578.148497 484266.343785 104610.203217 484229.499945 104632.640530 484189.406249 104658.289042 484111.968681 104694.523474 484107.687593 104696.359442 484066.531305 104689.023378 484059.812457 104688.406226 484016.406185 104679.242194 483974.218729 104670.070418 483947.312553 104666.406290 483932.656233 104665.789138 483900.249897 104673.742098 483879.468776 104672.523538 483874.562472 104675.570322 483833.624936 104675.570322 483771.875112 104656.632850 483744.375080 104651.117202 483720.937448 104649.898450 483670.187560 104655.398546 483612.718824 104662.726610 483563.218664 104670.679570 483522.249960 104679.851602 483489.250024 104690.851538 483437.062504 104711.031314 483406.499944 104720.203090 483320.937576 104739.148498 483227.999976 104757.476562 483141.187496 104772.156242 483049.312488 104783.773330 482972.874984 104794.781330 482941.406312 104802.117138 482909.906152 104809.453202 482840.031272 104821.289042 482764.843687 104824.343762 482624.218791 104832.288978 482506.843751 104837.789074 482417.999911 104848.796818 482378.281319 104854.906322 482262.749991 104873.249938 482226.062439 104878.749970 482176.343783 104888.531154 482146.375015 104896.476626 482104.187559 104914.203026 482050.406311 104939.273490 481948.937447 104968.609490 481940.156135 104969.843794 481932.218727 104971.046802 481912.031207 104969.226642 481880.874983 104961.890578 481849.687527 104953.328210 481746.999910 104941.718802 481697.468774 104941.718802 481660.781222 104947.828114 481642.437414 104955.156178 481621.718694 104964.140562 481606.062502 104971.343762 481583.593638 104980.226578 481543.781286 105001.406226 481523.468646 105019.617170 481495.093862 105032.749970 481426.906278 105050.109458 481417.593830 105050.531282 481363.812518 105065.781202 481310.874918 105090.343826 481261.312486 105125.070354 481199.062566 105177.890642 481141.906342 105262.593874 481121.999910 105293.507794 481102.093734 105308.749970 481091.093798 105309.656274 481071.843686 105316.078226 481057.437606 105319.281170 481033.375014 105322.492178 481014.156262 105320.890706 480993.312422 105319.281170 480970.874918 105312.882770 480906.437478 105312.562514 480891.187494 105310.453202 480863.249894 105311.296850 480842.906342 105313.843794 480821.312422 105318.070418 480781.093798 105316.796946 480751.437606 105314.257810 480679.031142 105306.632850 480612.093733 105300.281298 480580.343717 105296.898514 480544.781349 105292.656338 480380.875045 105330.773458 480351.656165 105340.093714 480318.624933 105353.640594 480296.187429 105361.687570 480225.468709 105380.328082 480166.156197 105393.031314 480124.250085 105399.796882 480088.249893 105403.500114 480063.687461 105403.921938 480040.250085 105400.609362 480033.624997 105400.109330 480026.406309 105397.992210 480017.093797 105392.492178 479991.281253 105371.007826 479941.718629 105329.507730 479903.187557 105293.929618 479869.312421 105265.976594 479851.937381 105257.929618 479829.906341 105248.203090 479762.156133 105230.406226 479740.562469 105233.796818 479706.250021 105243.531282 479667.281253 105256.656146 479638.062437 105264.281362 479586.406244 105275.718674 479514.843684 105288.421906 479442.406308 105298.593810 479340.343652 105310.867218 479303.500068 105315.531282 479288.687524 105318.906258 479221.781156 105346.023378 479190.437412 105349.843730 479187.062436 105348.976530 479182.812452 105350.679634 479167.562532 105353.218770 479131.999908 105357.882770 479026.125092 105370.156178 478988.843684 105374.820434 478951.593764 105378.632786 478941.843684 105380.328082 478913.250020 105384.773394 478898.968804 105386.992274 478859.687460 105393.398482 478830.875044 105401.437458 478806.749988 105409.062418 478767.375012 105423.882770 478735.593700 105433.632850 478653.031204 105445.062418 478621.250020 105448.023378 478578.062500 105450.140690 478534.031268 105456.070354 478494.218723 105467.093714 478458.624995 105473.226514 478423.062435 105479.367122 478397.218723 105481.906258 478377.749987 105482.328082 478337.531363 105473.859474 478272.718755 105453.109394 478248.593763 105449.296850 478218.937507 105451.843730 478196.499939 105451.406354 478149.062435 105453.109394 478148.218787 105447.179730 478069.031267 105459.039122 478012.687523 105465.812434 478001.687523 105469.203218 477989.812579 105470.898514 477984.312483 105473.437394 477980.499875 105475.132882 477938.593763 105480.210962 477902.593827 105483.601554 477860.656163 105486.140626 477834.406243 105486.562514 477796.281187 105487.843730 477789.500067 105486.453138 477781.031203 105487.296786 477765.812387 105492.382802 477752.656227 105498.726546 477737.843683 105510.156370 477685.750115 105522.867154 477674.312547 105522.453138 477649.749923 105516.093842 477640.437411 105524.976466 477549.374947 105540.226642 477540.500067 105541.500050 477513.812579 105545.726482 477440.968738 105557.593682 477363.468706 105570.296914 477289.375010 105582.156306 477241.093794 105585.546834 477182.218722 105586.390674 477154.281314 105587.656210 477060.687458 105588.093778 477043.312418 105588.937426 477041.624930 105583.007698 477030.187554 105586.820306 477025.093730 105592.750034 477002.656226 105598.679698 476985.281186 105607.148498 476956.906210 105624.929618 476938.718818 105627.898322 476867.124962 105633.406226 476840.468770 105634.671890 476693.499938 105639.328146 476637.593762 105635.093714 476636.343650 105636.367186 476605.406178 105637.640658 476603.312418 105635.093714 476568.156258 105637.640658 476568.156258 105639.328146 476544.874914 105644.406162 476519.031266 105645.476498 476501.062562 105646.578194 476494.593762 105646.093714 476490.125090 105645.093778 476459.281186 105646.578194 476305.562529 105664.992210 476279.187489 105666.976594 476175.218657 105677.429650 476131.906209 105681.906322 476130.937441 105688.382738 476105.062433 105689.867282 476056.312545 105695.843666 476039.374881 105697.828114 476023.468641 105699.320210 475974.218721 105705.789075 475902.062497 105719.718675 475887.156193 105723.203219 475807.031201 105733.148435 475776.687585 105737.132819 475750.343649 105741.109459 475718.999905 105742.601555 475644.343713 105752.546771 475585.656161 105751.546899 475579.687585 105752.546771 475548.843681 105749.570259 475515.499937 105746.593747 475456.781281 105744.093715 475433.906209 105746.593747 475382.156193 105758.523347 475332.906273 105768.968851 475306.343712 105768.390547 475252.312608 105769.468691 475251.250656 105769.319635 475253.099936 105761.100051 475261.691296 105733.074003 475263.399968 105727.500115 475259.938528 105723.322579 475251.799968 105713.500051 475267.999904 105665.600018 475268.936736 105663.248850 475278.400096 105639.499922 475282.917856 105605.103826 475299.084256 105482.019410 475299.100000 105481.900050 475295.100064 105447.599954 475292.995552 105427.286930 475292.799968 105425.400082 475291.971680 105424.006482 475284.300064 105411.099922 475272.000096 105402.499986 475263.356256 105399.729042 475251.100000 105395.800082 475230.699936 105392.000082 475210.199968 105387.099986 475183.399904 105385.299986 475169.500000 105387.099986 475154.399968 105392.999954 475150.530464 105394.002450 475137.799904 105397.300050 475127.426720 105398.129938 475125.300000 105398.299922 475111.499936 105396.800018 475100.700064 105393.900114 475056.899936 105386.900050 475032.499936 105378.399954 475021.300000 105373.000018 475005.499936 105360.899986 474975.000096 105326.100050 474952.500064 105296.099986 474942.699936 105281.800018 474935.500000 105269.099986 474931.199904 105259.699922 474917.599968 105220.800082 474912.700064 105204.999954 474884.700000 105110.699986 474876.300064 105079.399954 474873.700064 105064.300050 474872.828448 105056.727378 474866.299936 105000.000082 474862.999968 104978.984274 474862.499936 104975.800018 474859.700000 104939.200018 474858.993440 104892.743058 474858.900064 104886.600018 474858.349728 104884.381394 474855.700064 104873.700050 474850.199968 104860.099922 474840.300064 104844.200082 474832.600032 104834.800018 474822.400032 104823.600082 474809.299936 104811.400082 474785.399968 104787.200018 474775.999904 104778.399954 474767.999968 104768.899922 474761.500000 104759.099986 474755.600032 104745.400082 474754.642848 104742.445522 474750.999904 104731.200082 474749.224992 104724.332946 474744.900000 104707.600018 474733.999968 104650.899922 474731.599968 104604.900049 474730.999904 104559.900113 474729.400032 104534.900113 474727.099936 104515.600081 474724.200032 104496.299921 474721.599264 104484.841041 474721.000032 104482.199889 474715.499936 104464.799953 474714.687264 104463.134417 474709.400096 104452.300049 474703.399968 104442.899985 474694.999968 104427.599953 474689.000032 104417.500113 474681.599904 104406.399953 474673.799968 104395.599889 474664.000032 104383.600081 474653.827552 104372.022417 474645.900064 104363.000081 474639.719136 104354.004049 474635.800032 104348.300049 474629.599968 104336.800017 474623.899936 104323.900049 474619.000032 104310.099985 474589.799968 104236.800017 474573.299872 104185.799889 474564.600032 104160.400017 474543.098912 104100.059537 474520.699872 104037.200017 474500.599968 103996.499921 474486.877280 103968.822737 474470.999968 103936.799953 474410.600032 103813.300049 474381.299936 103758.399953 474361.300000 103716.799953 474350.700064 103692.100049 474324.600032 103627.800081 474314.599968 103597.700049 474311.700064 103588.000081 474311.341088 103585.629969 474303.599968 103534.499984 474299.400096 103504.700048 474299.285920 103503.116688 474296.900064 103470.000080 474294.500000 103434.700048 474290.899936 103349.099984 474284.700064 103115.800080 474281.999904 102981.300048 474281.999904 102921.000016 474277.300000 102853.699984 474273.499936 102778.299920 474273.667552 102726.448400 </gml:posList>
                  </gml:LinearRing>
                </gml:exterior>
              </gml:Polygon>
              <gml:Polygon>
                <gml:exterior>
                  <gml:LinearRing>
                    <gml:posList srsDimension="2">475203.284896 105818.761747 475206.086048 105813.144083 475203.562464 105818.718803 475203.284896 105818.761747 </gml:posList>
                  </gml:LinearRing>
                </gml:exterior>
              </gml:Polygon>
            </gml:surfaceMembers>
          </gml:MultiSurface>
        </ms:msGeometry>
        <ms:ogc_fid>1</ms:ogc_fid>
        <ms:location>Chichester Harbour</ms:location>
        <ms:website>http://www.naturalengland.org.uk/ourwork/conservation/designations/aonb/default.aspx</ms:website>
        <ms:policy>Policy 43 Chichester Harbour Area of Outstanding Natural Beauty</ms:policy>
        <ms:objectid>1</ms:objectid>
        <ms:lp_link>http://chichester.limehouse.co.uk/portal/local_plan/pre-sub?pointId=1382954404018#section-1382954404018</ms:lp_link>
        <ms:area>5981.66</ms:area>
      </ms:aonb>
    </gml:featureMember>
    <gml:featureMember>
      <ms:aonb gml:id="aonb">
        <gml:boundedBy>
        	<gml:Envelope srsName="EPSG:27700">
        		<gml:lowerCorner>474271.800096 97483.713291</gml:lowerCorner>
        		<gml:upperCorner>484477.625001 105818.761747</gml:upperCorner>
        	</gml:Envelope>
        </gml:boundedBy>
        <ms:msGeometry>
          <gml:MultiSurface srsName="EPSG:27700">
            <gml:surfaceMembers>
              <gml:Polygon>
                <gml:exterior>
                  <gml:LinearRing>
                    <gml:posList srsDimension="2">474273.667552 102726.448400 474273.699872 102716.400016 474272.000032 102656.099984 474271.800096 102586.299984 474274.899936 102519.099920 474280.872096 102458.320847 474290.700000 102358.300047 474294.500000 102334.000015 474306.799968 102263.200079 474343.399968 102074.399951 474361.499936 102006.800015 474378.099936 101926.500047 474397.499872 101863.100047 474421.799904 101780.499983 474444.270752 101716.583759 474474.499872 101630.600079 474503.999904 101526.300047 474533.299936 101434.099983 474550.500000 101369.500110 474565.988768 101280.488846 474566.300064 101278.699982 474566.527776 101277.626062 474581.800032 101205.600014 474588.886880 101158.867662 474609.400032 101023.599950 474619.600032 100940.199950 474626.300000 100867.400014 474634.799904 100800.399950 474645.300064 100751.800078 474667.000096 100647.499982 474671.899936 100608.499918 474674.700064 100590.400014 474682.400096 100553.100046 474700.299872 100486.499982 474731.599968 100364.699918 474739.899936 100336.499918 474744.599904 100317.099981 474748.100000 100299.000013 474761.799904 100216.200013 474771.018592 100170.893005 474774.699936 100152.800013 474785.499936 100091.700045 474787.949088 100079.515853 474789.499872 100071.800077 474795.199904 100053.200077 474805.600096 100021.200013 474815.699936 100000.000013 474977.799968 99577.900045 475000.000096 99537.099981 475009.759136 99515.504269 475020.199968 99492.400077 475035.799904 99455.499981 475065.400096 99382.000077 475083.299872 99331.400077 475089.699936 99319.300045 475097.199968 99307.899981 475117.799968 99281.500045 475138.499872 99251.200076 475149.253664 99234.024588 475154.773472 99225.208588 475208.999904 99138.600012 475234.499936 99094.999948 475240.900000 99081.599948 475249.100000 99060.000076 475261.203808 99019.013068 475272.399968 98981.100108 475279.982816 98958.449868 475280.099936 98958.100044 475281.700064 98943.400012 475281.584288 98940.853516 475281.000096 98928.000012 475278.700000 98914.500044 475277.867488 98908.607884 475256.048160 98754.159884 475248.099936 98697.899980 475249.399904 98681.999948 475255.300064 98603.599948 475258.399904 98581.400076 475260.600032 98557.399948 475261.100064 98514.900044 475263.300000 98475.000076 475265.100000 98463.600012 475267.997152 98449.605964 475270.399968 98438.000012 475281.991008 98405.571532 475288.200032 98388.199948 475297.999968 98362.299980 475315.917345 98332.077068 475351.000033 98272.900044 475361.239585 98248.697228 475364.199905 98241.699980 475367.843681 98234.321420 475376.199969 98217.399948 475396.100001 98167.499915 475397.997217 98157.777227 475398.500065 98155.199947 475398.974945 98148.016779 475399.300001 98143.099915 475396.749857 98045.752971 475396.411489 98032.837451 475396.468705 98032.836043 475440.123425 98030.597387 475500.700001 98028.099979 475675.399905 98019.099979 475710.400033 98022.499915 475711.500065 97971.699979 475712.999969 97961.700107 475717.200097 97947.499915 475753.499937 97872.899979 475756.299873 97849.899915 475761.000033 97840.600011 475770.199969 97833.899915 475791.499937 97817.899915 475793.600097 97806.799947 475792.799713 97798.506571 475794.627873 97794.302475 475802.000033 97790.500043 475806.799969 97779.299915 475803.535329 97773.819787 475807.304609 97765.152075 475810.200097 97762.900043 475817.599969 97754.600075 475817.599969 97741.477195 475818.843681 97738.617163 475819.928225 97728.826635 475822.199969 97722.899915 475829.100001 97715.099979 475825.000097 97704.500043 475822.654689 97704.209931 475824.281313 97689.523467 475829.749921 97656.789131 475832.997217 97643.806603 475836.100001 97635.599947 475844.091745 97618.925899 475887.031265 97583.140619 475915.121313 97576.662603 475927.800033 97578.900043 475943.300001 97592.599947 475956.100001 97592.900043 475965.620385 97598.560779 475977.031201 97607.687499 475979.781281 97618.601611 475965.188385 97637.362059 475961.300001 97641.200011 475961.357665 97642.286859 475960.687393 97643.148491 475960.687393 97670.597835 475958.500065 97676.200075 475960.687393 97683.223051 475960.687393 97686.789003 475960.687393 97709.649163 475958.700001 97722.000011 475959.811617 97729.827723 475957.937569 97757.710859 475948.124449 97792.070795 475947.799969 97792.699979 475947.781217 97793.272267 475947.031201 97795.898379 475930.656225 97828.632907 475889.749985 97910.460939 475845.240289 98002.687499 475842.099937 98006.100043 475830.499937 98017.999947 475899.293921 98014.257803 475951.124897 98014.257803 475953.148257 98004.672523 475958.999905 98001.199947 475963.600097 97985.099979 475969.400033 97971.500043 475978.500001 97947.399947 475985.500065 97935.500043 475997.700065 97910.699979 476010.700001 97883.099979 476014.699937 97872.800011 476018.300001 97861.999947 476021.599969 97848.699915 476028.500065 97816.599947 476036.700065 97762.200075 476041.400033 97742.900107 476033.000033 97728.800075 476033.100001 97717.799947 476036.100065 97707.200011 476040.999969 97698.399947 476032.900065 97687.200075 476035.700001 97675.200011 476029.981217 97661.697419 476100.938401 97678.871883 476118.099873 97691.399947 476138.599905 97720.899979 476148.599969 97743.999947 476144.700001 97753.300043 476125.699937 97764.300043 476127.400033 97824.199947 476135.100001 97831.600011 476147.850913 97832.298635 476143.187489 97843.195211 476165.249889 97845.000075 476206.156321 97847.726539 476241.818529 97825.040779 476262.799969 97826.900107 476276.900001 97820.899979 476290.100065 97812.900043 476328.200033 97779.899979 476338.400033 97775.899979 476355.000033 97768.899979 476371.900001 97759.299979 476391.589090 97738.965387 476394.375010 97738.617163 476394.375010 97765.890571 476390.921186 97782.303371 476377.400097 97801.799947 476372.799905 97840.299915 476364.399905 97847.099979 476362.200033 97861.100043 476372.699937 97870.600075 476377.099937 97888.899979 476391.068642 97860.532747 476394.375010 97861.359435 476404.244834 97847.261451 476407.100002 97846.499979 476436.676450 97844.085195 476423.999970 97828.799883 476430.499938 97818.999947 476490.699938 97762.099915 476501.599970 97755.400011 476529.400098 97735.599947 476583.300066 97699.199947 476640.799970 97657.999947 476656.000034 97645.299915 476665.299938 97636.099979 476694.303074 97610.064203 476697.156258 97607.687499 476697.874018 97605.226571 476702.100066 97598.399947 476714.699938 97582.500107 476738.799970 97542.400011 476752.300002 97540.599947 476767.600034 97543.099979 476781.500066 97528.899979 476802.800034 97508.599947 476813.600098 97513.300043 476831.600098 97495.099915 476848.210658 97483.713291 476847.156322 97493.124939 476834.815458 97535.129419 476823.928802 97555.494731 476808.968802 97580.414091 476800.781346 97632.242123 476802.965282 97641.500875 476800.800098 97657.499915 476802.200034 97667.800075 476813.900002 97695.400075 476817.567906 97710.521163 476821.302690 97707.374987 476822.624994 97711.343819 477007.536354 97559.587659 477013.761954 97555.535243 477230.531234 97825.117259 477242.625058 97901.257803 477254.687394 97907.757771 477263.968738 97913.328075 477263.968738 97912.398475 477472.906339 98152.898507 477477.531235 98161.257739 477483.124899 98164.039115 477517.874979 98204.726668 477629.156323 98333.718668 477631.062499 98340.671820 477638.937507 98340.437516 477654.812387 98383.843788 477685.562531 98436.843660 477711.187491 98427.226508 477719.624995 98429.695372 477752.031267 98487.765580 477761.187491 98496.328140 477789.750051 98513.789004 477812.187427 98515.390668 477834.624931 98516.992204 477850.656291 98510.578188 477875.093795 98498.156300 477919.124963 98485.320396 477959.468707 98487.156172 478007.749923 98511.609420 478095.781219 98558.679628 478147.124899 98592.914060 478177.687459 98613.695244 478207.875043 98640.820300 478289.156195 98733.734348 478330.749987 98810.148492 478364.343779 98887.789004 478395.124963 98931.414156 478416.937571 98972.757772 478467.250083 99032.281164 478481.937507 99045.117324 478518.625059 99088.515596 478565.687524 99142.312588 478599.312548 99185.718668 478609.093732 99201.609292 478630.500068 99241.343692 478656.156132 99215.671820 478680.000036 99198.554764 478708.718820 99186.328076 478743.562468 99179.601612 478787.000100 99181.437580 478860.343716 99178.382796 478917.187492 99175.328076 478985.656228 99177.773452 479007.656164 99174.710924 479050.468772 99163.101516 479085.312420 99154.539148 479087.125092 99158.210828 479175.156132 99141.703180 479195.937508 99147.203084 479207.562468 99146.593676 479231.406308 99151.484428 479263.187428 99153.320332 479329.218788 99180.828172 479403.406308 99231.562508 479403.812580 99237.679756 479412.374948 99244.406156 479455.750116 99267.023501 479504.656228 99280.468813 479541.343844 99278.640653 479556.624868 99274.968717 479563.968740 99278.023501 479573.124964 99277.414093 479578.625060 99274.359373 479586.937444 99273.898381 479615.218853 99271.609293 479671.749925 99267.023501 479734.718757 99262.132813 479856.999909 99250.515660 479949.906341 99243.179596 480035.500069 99236.453196 480081.749925 99232.789068 480156.343717 99224.843788 480177.125029 99223.007884 480299.125029 99214.281228 480411.250021 99204.054668 480446.093669 99202.226508 480557.968869 99216.890572 480625.218789 99226.062604 480716.468838 99238.828108 480781.093798 99244.406156 480863.031206 99253.570380 480903.968742 99257.242124 480957.156198 99263.968781 480969.374950 99267.632909 481120.156198 99285.203085 481236.531174 99298.812429 481263.437542 99305.531277 481361.843686 99334.875021 481442.562470 99354.437453 481449.281126 99358.109325 481582.531302 99398.453069 481657.125094 99420.492109 481696.843622 99433.328077 481787.343847 99460.226637 481884.531175 99488.343693 481924.281255 99514.023501 481934.062439 99528.078221 481944.437479 99543.359501 481957.874983 99570.257869 481967.062567 99565.367181 481967.062567 99555.585997 481970.125095 99552.531277 481980.499879 99554.367245 482009.250023 99572.093837 482033.500007 99587.968781 482188.999910 99699.804621 482327.749927 99793.390669 482445.718823 99874.078157 482537.000039 99937.882829 482611.781351 99988.937421 482701.781287 100051.671821 482789.062503 100111.679693 482900.906152 100190.781197 483141.187496 100353.187534 483378.999912 100519.461006 483518.374888 100614.828110 483608.843752 100678.398350 483692.593768 100735.281230 483753.125032 100777.460942 483824.656296 100820.867214 483862.406184 100843.476558 483910.843817 100867.328206 483955.468649 100893.000078 483975.656169 100911.343822 484005.187561 100943.617230 484058.781225 101009.757710 484078.562537 101049.109390 484110.343849 101124.906318 484162.687401 101236.156174 484181.249897 101278.960974 484193.468649 101319.906318 484194.687465 101338.257742 484263.781353 101458.687503 484302.906281 101547.937615 484317.562409 101576.656207 484330.812585 101595.226447 484350.999913 101614.789071 484365.656233 101623.351631 484390.125033 101636.187599 484411.531177 101654.523407 484428.031209 101675.312527 484437.187433 101697.929679 484440.249961 101729.109391 484441.468777 101760.281295 484430.468777 101816.523471 484416.406313 101869.710927 484411.531177 101888.656335 484406.624937 101913.343695 484405.406313 101943.898447 484402.968745 102050.882895 484399.906217 102160.296975 484395.624937 102205.538959 484394.406185 102238.156175 484387.062505 102304.601551 484377.281129 102381.023503 484365.656233 102461.710991 484347.343721 102587.023504 484344.875049 102627.382800 484346.718825 102638.570320 484348.562537 102651.406224 484353.437481 102665.882768 484358.937577 102676.890512 484360.156329 102686.062544 484355.281193 102691.562448 484308.218793 102701.148432 484251.968809 102716.023504 484219.156265 102721.078160 484220.624873 102727.749968 484223.906281 102743.789072 484226.812585 102773.679760 484227.906281 102781.343696 484232.281129 102821.796944 484231.562409 102834.929616 484231.937513 102848.273360 484234.125097 102888.726608 484230.093801 102923.726544 484230.093801 103000.648464 484231.937513 103035.960848 484237.406313 103067.671952 484234.468713 103078.976592 484233.749929 103088.453136 484242.124969 103098.296976 484241.031337 103124.179728 484231.937513 103150.062480 484225.374889 103160.632848 484210.781225 103163.187536 484212.843689 103180.023440 484218.437545 103191.976592 484239.218729 103200.726544 484263.499945 103205.687504 484297.781353 103208.601552 484335.343721 103210.789072 484350.281129 103216.632784 484354.281321 103226.828240 484360.968681 103252.203152 484363.156201 103279.539152 484369.343721 103310.156176 484379.937385 103354.632784 484387.937513 103380.156176 484394.875049 103398.742224 484402.906281 103416.609296 484423.312553 103497.749904 484434.968809 103554.617232 484438.624937 103563.007889 484442.625065 103569.570321 484450.999913 103587.429585 484460.125033 103608.273425 484477.625001 103649.828177 484473.625001 103665.499921 484451.749993 103683.726609 484388.187561 103736.023505 484372.156201 103747.242129 484333.687529 103788.921809 484325.656297 103796.929681 484316.031337 103811.359313 484312.843689 103833.796881 484316.031337 103909.132881 484325.312489 103951.343697 484352.843817 104020.406289 484362.000041 104049.757841 484374.968681 104132.398353 484377.093801 104151.109329 484377.531177 104164.820241 484383.499945 104193.093649 484391.000041 104344.062481 484382.437417 104386.289041 484378.499945 104460.171857 484375.437417 104491.570257 484378.562601 104555.703185 484322.468649 104578.148497 484266.343785 104610.203217 484229.499945 104632.640530 484189.406249 104658.289042 484111.968681 104694.523474 484107.687593 104696.359442 484066.531305 104689.023378 484059.812457 104688.406226 484016.406185 104679.242194 483974.218729 104670.070418 483947.312553 104666.406290 483932.656233 104665.789138 483900.249897 104673.742098 483879.468776 104672.523538 483874.562472 104675.570322 483833.624936 104675.570322 483771.875112 104656.632850 483744.375080 104651.117202 483720.937448 104649.898450 483670.187560 104655.398546 483612.718824 104662.726610 483563.218664 104670.679570 483522.249960 104679.851602 483489.250024 104690.851538 483437.062504 104711.031314 483406.499944 104720.203090 483320.937576 104739.148498 483227.999976 104757.476562 483141.187496 104772.156242 483049.312488 104783.773330 482972.874984 104794.781330 482941.406312 104802.117138 482909.906152 104809.453202 482840.031272 104821.289042 482764.843687 104824.343762 482624.218791 104832.288978 482506.843751 104837.789074 482417.999911 104848.796818 482378.281319 104854.906322 482262.749991 104873.249938 482226.062439 104878.749970 482176.343783 104888.531154 482146.375015 104896.476626 482104.187559 104914.203026 482050.406311 104939.273490 481948.937447 104968.609490 481940.156135 104969.843794 481932.218727 104971.046802 481912.031207 104969.226642 481880.874983 104961.890578 481849.687527 104953.328210 481746.999910 104941.718802 481697.468774 104941.718802 481660.781222 104947.828114 481642.437414 104955.156178 481621.718694 104964.140562 481606.062502 104971.343762 481583.593638 104980.226578 481543.781286 105001.406226 481523.468646 105019.617170 481495.093862 105032.749970 481426.906278 105050.109458 481417.593830 105050.531282 481363.812518 105065.781202 481310.874918 105090.343826 481261.312486 105125.070354 481199.062566 105177.890642 481141.906342 105262.593874 481121.999910 105293.507794 481102.093734 105308.749970 481091.093798 105309.656274 481071.843686 105316.078226 481057.437606 105319.281170 481033.375014 105322.492178 481014.156262 105320.890706 480993.312422 105319.281170 480970.874918 105312.882770 480906.437478 105312.562514 480891.187494 105310.453202 480863.249894 105311.296850 480842.906342 105313.843794 480821.312422 105318.070418 480781.093798 105316.796946 480751.437606 105314.257810 480679.031142 105306.632850 480612.093733 105300.281298 480580.343717 105296.898514 480544.781349 105292.656338 480380.875045 105330.773458 480351.656165 105340.093714 480318.624933 105353.640594 480296.187429 105361.687570 480225.468709 105380.328082 480166.156197 105393.031314 480124.250085 105399.796882 480088.249893 105403.500114 480063.687461 105403.921938 480040.250085 105400.609362 480033.624997 105400.109330 480026.406309 105397.992210 480017.093797 105392.492178 479991.281253 105371.007826 479941.718629 105329.507730 479903.187557 105293.929618 479869.312421 105265.976594 479851.937381 105257.929618 479829.906341 105248.203090 479762.156133 105230.406226 479740.562469 105233.796818 479706.250021 105243.531282 479667.281253 105256.656146 479638.062437 105264.281362 479586.406244 105275.718674 479514.843684 105288.421906 479442.406308 105298.593810 479340.343652 105310.867218 479303.500068 105315.531282 479288.687524 105318.906258 479221.781156 105346.023378 479190.437412 105349.843730 479187.062436 105348.976530 479182.812452 105350.679634 479167.562532 105353.218770 479131.999908 105357.882770 479026.125092 105370.156178 478988.843684 105374.820434 478951.593764 105378.632786 478941.843684 105380.328082 478913.250020 105384.773394 478898.968804 105386.992274 478859.687460 105393.398482 478830.875044 105401.437458 478806.749988 105409.062418 478767.375012 105423.882770 478735.593700 105433.632850 478653.031204 105445.062418 478621.250020 105448.023378 478578.062500 105450.140690 478534.031268 105456.070354 478494.218723 105467.093714 478458.624995 105473.226514 478423.062435 105479.367122 478397.218723 105481.906258 478377.749987 105482.328082 478337.531363 105473.859474 478272.718755 105453.109394 478248.593763 105449.296850 478218.937507 105451.843730 478196.499939 105451.406354 478149.062435 105453.109394 478148.218787 105447.179730 478069.031267 105459.039122 478012.687523 105465.812434 478001.687523 105469.203218 477989.812579 105470.898514 477984.312483 105473.437394 477980.499875 105475.132882 477938.593763 105480.210962 477902.593827 105483.601554 477860.656163 105486.140626 477834.406243 105486.562514 477796.281187 105487.843730 477789.500067 105486.453138 477781.031203 105487.296786 477765.812387 105492.382802 477752.656227 105498.726546 477737.843683 105510.156370 477685.750115 105522.867154 477674.312547 105522.453138 477649.749923 105516.093842 477640.437411 105524.976466 477549.374947 105540.226642 477540.500067 105541.500050 477513.812579 105545.726482 477440.968738 105557.593682 477363.468706 105570.296914 477289.375010 105582.156306 477241.093794 105585.546834 477182.218722 105586.390674 477154.281314 105587.656210 477060.687458 105588.093778 477043.312418 105588.937426 477041.624930 105583.007698 477030.187554 105586.820306 477025.093730 105592.750034 477002.656226 105598.679698 476985.281186 105607.148498 476956.906210 105624.929618 476938.718818 105627.898322 476867.124962 105633.406226 476840.468770 105634.671890 476693.499938 105639.328146 476637.593762 105635.093714 476636.343650 105636.367186 476605.406178 105637.640658 476603.312418 105635.093714 476568.156258 105637.640658 476568.156258 105639.328146 476544.874914 105644.406162 476519.031266 105645.476498 476501.062562 105646.578194 476494.593762 105646.093714 476490.125090 105645.093778 476459.281186 105646.578194 476305.562529 105664.992210 476279.187489 105666.976594 476175.218657 105677.429650 476131.906209 105681.906322 476130.937441 105688.382738 476105.062433 105689.867282 476056.312545 105695.843666 476039.374881 105697.828114 476023.468641 105699.320210 475974.218721 105705.789075 475902.062497 105719.718675 475887.156193 105723.203219 475807.031201 105733.148435 475776.687585 105737.132819 475750.343649 105741.109459 475718.999905 105742.601555 475644.343713 105752.546771 475585.656161 105751.546899 475579.687585 105752.546771 475548.843681 105749.570259 475515.499937 105746.593747 475456.781281 105744.093715 475433.906209 105746.593747 475382.156193 105758.523347 475332.906273 105768.968851 475306.343712 105768.390547 475252.312608 105769.468691 475251.250656 105769.319635 475253.099936 105761.100051 475261.691296 105733.074003 475263.399968 105727.500115 475259.938528 105723.322579 475251.799968 105713.500051 475267.999904 105665.600018 475268.936736 105663.248850 475278.400096 105639.499922 475282.917856 105605.103826 475299.084256 105482.019410 475299.100000 105481.900050 475295.100064 105447.599954 475292.995552 105427.286930 475292.799968 105425.400082 475291.971680 105424.006482 475284.300064 105411.099922 475272.000096 105402.499986 475263.356256 105399.729042 475251.100000 105395.800082 475230.699936 105392.000082 475210.199968 105387.099986 475183.399904 105385.299986 475169.500000 105387.099986 475154.399968 105392.999954 475150.530464 105394.002450 475137.799904 105397.300050 475127.426720 105398.129938 475125.300000 105398.299922 475111.499936 105396.800018 475100.700064 105393.900114 475056.899936 105386.900050 475032.499936 105378.399954 475021.300000 105373.000018 475005.499936 105360.899986 474975.000096 105326.100050 474952.500064 105296.099986 474942.699936 105281.800018 474935.500000 105269.099986 474931.199904 105259.699922 474917.599968 105220.800082 474912.700064 105204.999954 474884.700000 105110.699986 474876.300064 105079.399954 474873.700064 105064.300050 474872.828448 105056.727378 474866.299936 105000.000082 474862.999968 104978.984274 474862.499936 104975.800018 474859.700000 104939.200018 474858.993440 104892.743058 474858.900064 104886.600018 474858.349728 104884.381394 474855.700064 104873.700050 474850.199968 104860.099922 474840.300064 104844.200082 474832.600032 104834.800018 474822.400032 104823.600082 474809.299936 104811.400082 474785.399968 104787.200018 474775.999904 104778.399954 474767.999968 104768.899922 474761.500000 104759.099986 474755.600032 104745.400082 474754.642848 104742.445522 474750.999904 104731.200082 474749.224992 104724.332946 474744.900000 104707.600018 474733.999968 104650.899922 474731.599968 104604.900049 474730.999904 104559.900113 474729.400032 104534.900113 474727.099936 104515.600081 474724.200032 104496.299921 474721.599264 104484.841041 474721.000032 104482.199889 474715.499936 104464.799953 474714.687264 104463.134417 474709.400096 104452.300049 474703.399968 104442.899985 474694.999968 104427.599953 474689.000032 104417.500113 474681.599904 104406.399953 474673.799968 104395.599889 474664.000032 104383.600081 474653.827552 104372.022417 474645.900064 104363.000081 474639.719136 104354.004049 474635.800032 104348.300049 474629.599968 104336.800017 474623.899936 104323.900049 474619.000032 104310.099985 474589.799968 104236.800017 474573.299872 104185.799889 474564.600032 104160.400017 474543.098912 104100.059537 474520.699872 104037.200017 474500.599968 103996.499921 474486.877280 103968.822737 474470.999968 103936.799953 474410.600032 103813.300049 474381.299936 103758.399953 474361.300000 103716.799953 474350.700064 103692.100049 474324.600032 103627.800081 474314.599968 103597.700049 474311.700064 103588.000081 474311.341088 103585.629969 474303.599968 103534.499984 474299.400096 103504.700048 474299.285920 103503.116688 474296.900064 103470.000080 474294.500000 103434.700048 474290.899936 103349.099984 474284.700064 103115.800080 474281.999904 102981.300048 474281.999904 102921.000016 474277.300000 102853.699984 474273.499936 102778.299920 474273.667552 102726.448400 </gml:posList>
                  </gml:LinearRing>
                </gml:exterior>
              </gml:Polygon>
              <gml:Polygon>
                <gml:exterior>
                  <gml:LinearRing>
                    <gml:posList srsDimension="2">475203.284896 105818.761747 475206.086048 105813.144083 475203.562464 105818.718803 475203.284896 105818.761747 </gml:posList>
                  </gml:LinearRing>
                </gml:exterior>
              </gml:Polygon>
            </gml:surfaceMembers>
          </gml:MultiSurface>
        </ms:msGeometry>
        <ms:ogc_fid>1</ms:ogc_fid>
        <ms:location>Chichester Harbour</ms:location>
        <ms:website>http://www.naturalengland.org.uk/ourwork/conservation/designations/aonb/default.aspx</ms:website>
        <ms:policy>Policy 43 Chichester Harbour Area of Outstanding Natural Beauty</ms:policy>
        <ms:objectid>1</ms:objectid>
        <ms:lp_link>http://chichester.limehouse.co.uk/portal/local_plan/pre-sub?pointId=1382954404018#section-1382954404018</ms:lp_link>
        <ms:area>5981.66</ms:area>
      </ms:aonb>
    </gml:featureMember>
</wfs:FeatureCollection>

